742609.000000000000 10.001000000000 0.995711282714 -0.000204081633 -0.006326530612 3.000201000000 1.108924887113 1.022157601039 0.102693428592
742668.000000000000 10.001000000000 1.004282711286 0.000204081633 -0.006326530612 3.000201000000 1.311640912230 1.375171344260 0.088094723172
743764.000000000000 10.001000000000 1.004690874551 -0.000612244898 -0.005918367347 3.000201000000 1.023672234044 0.701140928568 0.365740045217
743861.000000000000 10.001000000000 0.995303119449 0.000612244898 -0.005918367347 3.000201000000 1.087398078902 0.820140233744 0.314406428725
744868.000000000000 10.001000000000 1.004690874551 -0.002244897959 -0.005510204082 3.000201000000 1.394205585625 0.301379421581 1.211277924784
744908.000000000000 10.001000000000 1.004690874551 -0.001836734694 -0.005510204082 3.000201000000 1.393155319400 0.103830963294 1.317251607702
744948.000000000000 10.001000000000 1.004690874551 -0.001428571429 -0.005510204082 3.000201000000 1.329218708801 0.050154453758 1.292289097451
745205.000000000000 10.001000000000 0.995303119449 0.001428571429 -0.005510204082 3.000201000000 1.126219367656 0.062047292304 1.075439254283
745245.000000000000 10.001000000000 0.995303119449 0.001836734694 -0.005510204082 3.000201000000 1.303200376964 0.117157951472 1.212969746399
746128.000000000000 10.001000000000 1.004690874551 -0.003061224490 -0.005102040816 3.000201000000 1.159539128576 0.149697358127 1.037246417771
746168.000000000000 10.001000000000 1.004690874551 -0.002653061224 -0.005102040816 3.000201000000 1.196830717427 0.160186521924 1.067241817559
746208.000000000000 10.001000000000 1.004690874551 -0.002244897959 -0.005102040816 3.000201000000 1.006710886140 0.108139652708 0.916088597674
746685.000000000000 10.001000000000 0.995303119449 0.002653061224 -0.005102040816 3.000201000000 1.198920036954 0.162388453143 1.067591195077
746725.000000000000 10.001000000000 0.995303119449 0.003061224490 -0.005102040816 3.000201000000 1.162353336803 0.144088805054 1.045185231913
747138.000000000000 10.001000000000 1.001017405163 -0.008367346939 -0.004693877551 3.000201000000 1.211258538744 0.098656931056 1.287584982589
747139.000000000000 10.001000000000 1.001425568429 -0.008367346939 -0.004693877551 3.000201000000 1.246371708481 0.129061430080 1.343866721260
747140.000000000000 10.001000000000 1.001833731694 -0.008367346939 -0.004693877551 3.000201000000 1.160450193722 0.143232640089 1.272812664801
747154.000000000000 10.001000000000 1.001017405163 -0.007959183673 -0.004693877551 3.000201000000 1.202985151031 0.062867234335 1.252024076395
747155.000000000000 10.001000000000 1.001425568429 -0.007959183673 -0.004693877551 3.000201000000 1.334230759347 0.108986387926 1.412881865841
747156.000000000000 10.001000000000 1.001833731694 -0.007959183673 -0.004693877551 3.000201000000 1.330086755133 0.132803009369 1.402858614261
747157.000000000000 10.001000000000 1.002241894959 -0.007959183673 -0.004693877551 3.000201000000 1.228171015193 0.137038333438 1.331768378712
747158.000000000000 10.001000000000 1.002650058224 -0.007959183673 -0.004693877551 3.000201000000 1.022537307300 0.132534929118 1.130765843575
747175.000000000000 10.001000000000 1.001425568429 -0.007551020408 -0.004693877551 3.000201000000 1.314658891284 0.075248490223 1.370180833983
747176.000000000000 10.001000000000 1.001833731694 -0.007551020408 -0.004693877551 3.000201000000 1.387388808477 0.123175366851 1.352733108506
747177.000000000000 10.001000000000 1.002241894959 -0.007551020408 -0.004693877551 3.000201000000 1.373818791345 0.139753410540 1.354756230132
747178.000000000000 10.001000000000 1.002650058224 -0.007551020408 -0.004693877551 3.000201000000 1.299162866801 0.134299339564 1.396481625664
747179.000000000000 10.001000000000 1.003058221490 -0.007551020408 -0.004693877551 3.000201000000 1.159042485257 0.121450830022 1.251548546087
747199.000000000000 10.001000000000 1.001425568429 -0.007142857143 -0.004693877551 3.000201000000 1.150036208644 0.021903474477 1.167884665141
747200.000000000000 10.001000000000 1.001833731694 -0.007142857143 -0.004693877551 3.000201000000 1.350856381943 0.092627978746 1.410755269453
747201.000000000000 10.001000000000 1.002241894959 -0.007142857143 -0.004693877551 3.000201000000 1.400312562062 0.141172657050 1.325772276835
747202.000000000000 10.001000000000 1.002650058224 -0.007142857143 -0.004693877551 3.000201000000 1.407488821934 0.148044938630 1.313563072202
747203.000000000000 10.001000000000 1.003058221490 -0.007142857143 -0.004693877551 3.000201000000 1.399863538403 0.132083744965 1.304637875958
747204.000000000000 10.001000000000 1.003466384755 -0.007142857143 -0.004693877551 3.000201000000 1.271408292685 0.111566626243 1.189047599095
747227.000000000000 10.001000000000 1.001833731694 -0.006734693878 -0.004693877551 3.000201000000 1.223277449792 0.032345579225 1.248503735454
747228.000000000000 10.001000000000 1.002241894959 -0.006734693878 -0.004693877551 3.000201000000 1.345103723799 0.115742823395 1.399776705245
747229.000000000000 10.001000000000 1.002650058224 -0.006734693878 -0.004693877551 3.000201000000 1.398744270253 0.160579693589 1.312688452915
747230.000000000000 10.001000000000 1.003058221490 -0.006734693878 -0.004693877551 3.000201000000 1.357169800494 0.154206374743 1.240573197991
747231.000000000000 10.001000000000 1.003466384755 -0.006734693878 -0.004693877551 3.000201000000 1.098357675755 0.127341899669 0.992384731595
747257.000000000000 10.001000000000 1.002241894959 -0.006326530612 -0.004693877551 3.000201000000 1.242631086995 0.048934026033 1.280043063516
747258.000000000000 10.001000000000 1.002650058224 -0.006326530612 -0.004693877551 3.000201000000 1.326285496723 0.143593671788 1.397933133054
747259.000000000000 10.001000000000 1.003058221490 -0.006326530612 -0.004693877551 3.000201000000 1.412420418809 0.177021612080 1.285487982946
747260.000000000000 10.001000000000 1.003466384755 -0.006326530612 -0.004693877551 3.000201000000 1.195611653980 0.154713782671 1.068789067881
747289.000000000000 10.001000000000 1.002650058224 -0.005918367347 -0.004693877551 3.000201000000 1.239860003042 0.072844573758 1.295476328584
747290.000000000000 10.001000000000 1.003058221490 -0.005918367347 -0.004693877551 3.000201000000 1.323574577663 0.173155113117 1.379225603845
747291.000000000000 10.001000000000 1.003466384755 -0.005918367347 -0.004693877551 3.000201000000 1.341751131341 0.185774688471 1.198253893130
747323.000000000000 10.001000000000 1.003058221490 -0.005510204082 -0.004693877551 3.000201000000 1.246781324970 0.105675904188 1.327032228679
747324.000000000000 10.001000000000 1.003466384755 -0.005510204082 -0.004693877551 3.000201000000 1.373051879978 0.198999380563 1.310427408626
747359.000000000000 10.001000000000 1.003466384755 -0.005102040816 -0.004693877551 3.000201000000 1.299854605016 0.148323139609 1.408582327788
747360.000000000000 10.001000000000 1.003874548020 -0.005102040816 -0.004693877551 3.000201000000 1.306110183522 0.214210504097 1.136382575651
747395.000000000000 10.001000000000 1.003466384755 -0.004693877551 -0.004693877551 3.000201000000 1.355750742851 0.064499234096 1.310817993156
747396.000000000000 10.001000000000 1.003874548020 -0.004693877551 -0.004693877551 3.000201000000 1.394562107557 0.196161955101 1.247462280475
747433.000000000000 10.001000000000 1.003874548020 -0.004285714286 -0.004693877551 3.000201000000 1.328887618584 0.109044035322 1.246648578819
747434.000000000000 10.001000000000 1.004282711286 -0.004285714286 -0.004693877551 3.000201000000 1.134386966705 0.234372106940 0.933607138741
747472.000000000000 10.001000000000 1.004282711286 -0.003877551020 -0.004693877551 3.000201000000 1.118593431266 0.181508498904 0.963921029824
748245.000000000000 10.001000000000 0.995711282714 0.003877551020 -0.004693877551 3.000201000000 1.141362679330 0.182536374305 0.987143123705
748283.000000000000 10.001000000000 0.995711282714 0.004285714286 -0.004693877551 3.000201000000 1.151826224299 0.235566685422 0.951315468855
748284.000000000000 10.001000000000 0.996119445980 0.004285714286 -0.004693877551 3.000201000000 1.360951308855 0.107572925955 1.281463516363
748320.000000000000 10.001000000000 0.995711282714 0.004693877551 -0.004693877551 3.000201000000 1.000896061172 0.214590279651 0.809337945630
748321.000000000000 10.001000000000 0.996119445980 0.004693877551 -0.004693877551 3.000201000000 1.413049315744 0.196604464670 1.269891815918
748322.000000000000 10.001000000000 0.996527609245 0.004693877551 -0.004693877551 3.000201000000 1.384219837131 0.063188848803 1.341379199476
748357.000000000000 10.001000000000 0.996119445980 0.005102040816 -0.004693877551 3.000201000000 1.323842096241 0.215954350602 1.154255894320
748358.000000000000 10.001000000000 0.996527609245 0.005102040816 -0.004693877551 3.000201000000 1.278504574995 0.146697274558 1.387377836895
748393.000000000000 10.001000000000 0.996527609245 0.005510204082 -0.004693877551 3.000201000000 1.361151954339 0.200563576556 1.321551678613
748394.000000000000 10.001000000000 0.996935772510 0.005510204082 -0.004693877551 3.000201000000 1.228536228836 0.102525035055 1.307071461261
748426.000000000000 10.001000000000 0.996527609245 0.005918367347 -0.004693877551 3.000201000000 1.346349639651 0.188771964636 1.200775379595
748427.000000000000 10.001000000000 0.996935772510 0.005918367347 -0.004693877551 3.000201000000 1.319053567712 0.173242319794 1.383546227478
748428.000000000000 10.001000000000 0.997343935776 0.005918367347 -0.004693877551 3.000201000000 1.227243142171 0.068925282317 1.280067680650
748457.000000000000 10.001000000000 0.996527609245 0.006326530612 -0.004693877551 3.000201000000 1.184661131135 0.157801542372 1.054402527111
748458.000000000000 10.001000000000 0.996935772510 0.006326530612 -0.004693877551 3.000201000000 1.410133225908 0.179566090073 1.277127357229
748459.000000000000 10.001000000000 0.997343935776 0.006326530612 -0.004693877551 3.000201000000 1.328581460944 0.141786215810 1.397050792239
748460.000000000000 10.001000000000 0.997752099041 0.006326530612 -0.004693877551 3.000201000000 1.234306833290 0.044652383335 1.268421509810
748486.000000000000 10.001000000000 0.996527609245 0.006734693878 -0.004693877551 3.000201000000 1.051621643716 0.129868887350 0.941051135528
748487.000000000000 10.001000000000 0.996935772510 0.006734693878 -0.004693877551 3.000201000000 1.332035917945 0.157222010481 1.211193694160
748488.000000000000 10.001000000000 0.997343935776 0.006734693878 -0.004693877551 3.000201000000 1.414032353671 0.161751313442 1.295463049767
748489.000000000000 10.001000000000 0.997752099041 0.006734693878 -0.004693877551 3.000201000000 1.352632298470 0.112334759258 1.394925861278
748490.000000000000 10.001000000000 0.998160262306 0.006734693878 -0.004693877551 3.000201000000 1.213027039792 0.027848919809 1.234755703438
748513.000000000000 10.001000000000 0.996527609245 0.007142857143 -0.004693877551 3.000201000000 1.136483771880 0.113436519017 1.046144659625
748514.000000000000 10.001000000000 0.996935772510 0.007142857143 -0.004693877551 3.000201000000 1.334845468613 0.134671848574 1.233373991915
748515.000000000000 10.001000000000 0.997343935776 0.007142857143 -0.004693877551 3.000201000000 1.382900651008 0.150235981101 1.271080915728
748516.000000000000 10.001000000000 0.997752099041 0.007142857143 -0.004693877551 3.000201000000 1.405354254445 0.140694966138 1.301932490996
748517.000000000000 10.001000000000 0.998160262306 0.007142857143 -0.004693877551 3.000201000000 1.360431607915 0.088077872207 1.404733187886
748518.000000000000 10.001000000000 0.998568425571 0.007142857143 -0.004693877551 3.000201000000 1.126826837317 0.017301407468 1.141078651791
748537.000000000000 10.001000000000 0.996527609245 0.007551020408 -0.004693877551 3.000201000000 1.116633744333 0.112134399689 1.200171120980
748538.000000000000 10.001000000000 0.996935772510 0.007551020408 -0.004693877551 3.000201000000 1.296360584157 0.123367425783 1.384485741600
748539.000000000000 10.001000000000 0.997343935776 0.007551020408 -0.004693877551 3.000201000000 1.378777951364 0.136418378790 1.352987549538
748540.000000000000 10.001000000000 0.997752099041 0.007551020408 -0.004693877551 3.000201000000 1.407679909926 0.140775089516 1.304922802090
748541.000000000000 10.001000000000 0.998160262306 0.007551020408 -0.004693877551 3.000201000000 1.413869460985 0.121169674789 1.326651316926
748542.000000000000 10.001000000000 0.998568425571 0.007551020408 -0.004693877551 3.000201000000 1.320772572697 0.070021681508 1.372287404909
748559.000000000000 10.001000000000 0.997343935776 0.007959183673 -0.004693877551 3.000201000000 1.156410765184 0.134112128390 1.260455669191
748560.000000000000 10.001000000000 0.997752099041 0.007959183673 -0.004693877551 3.000201000000 1.316502492392 0.138346897985 1.412319453828
748561.000000000000 10.001000000000 0.998160262306 0.007959183673 -0.004693877551 3.000201000000 1.381405168461 0.132489630993 1.352408118760
748562.000000000000 10.001000000000 0.998568425571 0.007959183673 -0.004693877551 3.000201000000 1.358996153794 0.105576652926 1.394119364639
748563.000000000000 10.001000000000 0.998976588837 0.007959183673 -0.004693877551 3.000201000000 1.194658634597 0.057149319007 1.239384201549
748577.000000000000 10.001000000000 0.998160262306 0.008367346939 -0.004693877551 3.000201000000 1.245862603829 0.143244452271 1.353574255981
748578.000000000000 10.001000000000 0.998568425571 0.008367346939 -0.004693877551 3.000201000000 1.294734045960 0.127050385796 1.388171918303
748579.000000000000 10.001000000000 0.998976588837 0.008367346939 -0.004693877551 3.000201000000 1.224990649639 0.093795101119 1.297081587417
748600.000000000000 10.001000000000 1.001017405163 -0.008775510204 -0.004285714286 3.000201000000 1.269726289903 0.077180552081 1.323314612418
748613.000000000000 10.001000000000 1.001017405163 -0.008367346939 -0.004285714286 3.000201000000 1.381598217297 0.058643110974 1.344428640692
748614.000000000000 10.001000000000 1.001425568429 -0.008367346939 -0.004285714286 3.000201000000 1.195311244520 0.077095180349 1.139296566017
748615.000000000000 10.001000000000 1.001833731694 -0.008367346939 -0.004285714286 3.000201000000 1.166307484329 0.089414328890 1.100307210536
748616.000000000000 10.001000000000 1.002241894959 -0.008367346939 -0.004285714286 3.000201000000 1.237977222808 0.097713937943 1.168887045505
748617.000000000000 10.001000000000 1.002650058224 -0.008367346939 -0.004285714286 3.000201000000 1.401962721769 0.106069803910 1.334543909681
748631.000000000000 10.001000000000 1.001017405163 -0.007959183673 -0.004285714286 3.000201000000 1.395874103983 0.038714077548 1.374471487547
748632.000000000000 10.001000000000 1.001425568429 -0.007959183673 -0.004285714286 3.000201000000 1.060466374241 0.062055603519 1.013994958740
748636.000000000000 10.001000000000 1.003058221490 -0.007959183673 -0.004285714286 3.000201000000 1.085781588203 0.093585654058 1.019808541349
748637.000000000000 10.001000000000 1.003466384755 -0.007959183673 -0.004285714286 3.000201000000 1.269083203404 0.101250756935 1.205691500369
748653.000000000000 10.001000000000 1.001017405163 -0.007551020408 -0.004285714286 3.000201000000 1.012409422159 0.019695066568 1.016732833738
748654.000000000000 10.001000000000 1.001425568429 -0.007551020408 -0.004285714286 3.000201000000 1.060566511981 0.041294453824 1.032004254413
748680.000000000000 10.001000000000 1.001425568429 -0.007142857143 -0.004285714286 3.000201000000 1.292275569310 0.017931324135 1.288976298244
750041.000000000000 10.001000000000 0.998568425571 0.007142857143 -0.004285714286 3.000201000000 1.341704631469 0.017170079647 1.340053359556
750067.000000000000 10.001000000000 0.998568425571 0.007551020408 -0.004285714286 3.000201000000 1.064393317494 0.038952843885 1.038097872737
750084.000000000000 10.001000000000 0.996527609245 0.007959183673 -0.004285714286 3.000201000000 1.123466276130 0.100321270195 1.056081592193
750089.000000000000 10.001000000000 0.998568425571 0.007959183673 -0.004285714286 3.000201000000 1.045543522249 0.060116318139 1.000484701979
750090.000000000000 10.001000000000 0.998976588837 0.007959183673 -0.004285714286 3.000201000000 1.402639956136 0.036318767218 1.406629206196
750104.000000000000 10.001000000000 0.997343935776 0.008367346939 -0.004285714286 3.000201000000 1.270898362456 0.105386693530 1.198278474975
750105.000000000000 10.001000000000 0.997752099041 0.008367346939 -0.004285714286 3.000201000000 1.140278078375 0.097382158056 1.068055101910
750106.000000000000 10.001000000000 0.998160262306 0.008367346939 -0.004285714286 3.000201000000 1.099533866773 0.088822658977 1.031976928946
750107.000000000000 10.001000000000 0.998568425571 0.008367346939 -0.004285714286 3.000201000000 1.157993122568 0.075649732076 1.102114810272
750108.000000000000 10.001000000000 0.998976588837 0.008367346939 -0.004285714286 3.000201000000 1.382632025833 0.056191540783 1.347277680775
750121.000000000000 10.001000000000 0.998976588837 0.008775510204 -0.004285714286 3.000201000000 1.292210455440 0.074629952776 1.343350440428
750142.000000000000 10.001000000000 1.001017405163 -0.008775510204 -0.003877551020 3.000201000000 1.201243296360 0.057492104261 1.234570543641
750143.000000000000 10.001000000000 1.001425568429 -0.008775510204 -0.003877551020 3.000201000000 1.329118961520 0.065629157663 1.292498096600
750144.000000000000 10.001000000000 1.001833731694 -0.008775510204 -0.003877551020 3.000201000000 1.246355507703 0.073918831485 1.202393091415
750158.000000000000 10.001000000000 1.001017405163 -0.008367346939 -0.003877551020 3.000201000000 1.413603551999 0.047380240341 1.391725724787
750178.000000000000 10.001000000000 1.001017405163 -0.007959183673 -0.003877551020 3.000201000000 1.325795381541 0.037417402687 1.341544499263
750230.000000000000 10.001000000000 1.001425568429 -0.007142857143 -0.003877551020 3.000201000000 1.262357339095 0.025577613594 1.256379860962
751619.000000000000 10.001000000000 0.998568425571 0.007142857143 -0.003877551020 3.000201000000 1.327984926758 0.024957409649 1.322943562160
751671.000000000000 10.001000000000 0.998976588837 0.007959183673 -0.003877551020 3.000201000000 1.272517387539 0.036203215915 1.287915769572
751691.000000000000 10.001000000000 0.998976588837 0.008367346939 -0.003877551020 3.000201000000 1.398692233065 0.046229995361 1.408461885801
751705.000000000000 10.001000000000 0.998160262306 0.008775510204 -0.003877551020 3.000201000000 1.150541577286 0.073110447566 1.104858554207
751706.000000000000 10.001000000000 0.998568425571 0.008775510204 -0.003877551020 3.000201000000 1.267987248748 0.064841681545 1.230306542390
751707.000000000000 10.001000000000 0.998976588837 0.008775510204 -0.003877551020 3.000201000000 1.213509655436 0.056296933312 1.246122136579
751742.000000000000 10.001000000000 1.001425568429 -0.008775510204 -0.003469387755 3.000201000000 1.390505908628 0.052792777878 1.370178410599
751743.000000000000 10.001000000000 1.001833731694 -0.008775510204 -0.003469387755 3.000201000000 1.102561521692 0.055836764074 1.077866813936
751744.000000000000 10.001000000000 1.002241894959 -0.008775510204 -0.003469387755 3.000201000000 1.029639433969 0.061529860693 0.999235931868
751745.000000000000 10.001000000000 1.002650058224 -0.008775510204 -0.003469387755 3.000201000000 1.093132974247 0.072357678187 1.053877428296
751759.000000000000 10.001000000000 1.001017405163 -0.008367346939 -0.003469387755 3.000201000000 1.070272623582 0.043123678858 1.089843665936
751837.000000000000 10.001000000000 1.001425568429 -0.007142857143 -0.003469387755 3.000201000000 1.351240923725 0.025773829442 1.360725744047
753268.000000000000 10.001000000000 0.998568425571 0.007142857143 -0.003469387755 3.000201000000 1.315373342572 0.025244320682 1.324544629624
753346.000000000000 10.001000000000 0.998976588837 0.008367346939 -0.003469387755 3.000201000000 1.060596914238 0.042304566043 1.080113111608
753362.000000000000 10.001000000000 0.998160262306 0.008775510204 -0.003469387755 3.000201000000 1.014305117686 0.055455308902 0.988571518637
753363.000000000000 10.001000000000 0.998568425571 0.008775510204 -0.003469387755 3.000201000000 1.325511227336 0.052416692088 1.303976942725
753409.000000000000 10.001000000000 1.001425568429 -0.008775510204 -0.003061224490 3.000201000000 1.242507454430 0.043709735528 1.255813012724
753410.000000000000 10.001000000000 1.001833731694 -0.008775510204 -0.003061224490 3.000201000000 1.090462992473 0.044249270740 1.077468649839
753429.000000000000 10.001000000000 1.001425568429 -0.008367346939 -0.003061224490 3.000201000000 1.106340278278 0.038927841916 1.096337424590
753480.000000000000 10.001000000000 1.001425568429 -0.007551020408 -0.003061224490 3.000201000000 1.068230058482 0.030205393130 1.053970468833
753509.000000000000 10.001000000000 1.001425568429 -0.007142857143 -0.003061224490 3.000201000000 1.148034836631 0.022273107417 1.159056924076
753574.000000000000 10.001000000000 1.001833731694 -0.006326530612 -0.003061224490 3.000201000000 1.340047844884 0.014141335808 1.334745220223
754891.000000000000 10.001000000000 0.998160262306 0.006326530612 -0.003061224490 3.000201000000 1.274511771388 0.014207080918 1.269125974559
754956.000000000000 10.001000000000 0.998568425571 0.007142857143 -0.003061224490 3.000201000000 1.157791102474 0.021940903328 1.168355395738
754985.000000000000 10.001000000000 0.998568425571 0.007551020408 -0.003061224490 3.000201000000 1.057898606130 0.029724552367 1.043961228296
755036.000000000000 10.001000000000 0.998568425571 0.008367346939 -0.003061224490 3.000201000000 1.065983615672 0.038665816413 1.055294364420
755056.000000000000 10.001000000000 0.998568425571 0.008775510204 -0.003061224490 3.000201000000 1.314894319597 0.043473971015 1.328160460320
755112.000000000000 10.001000000000 1.001425568429 -0.008775510204 -0.002653061224 3.000201000000 1.066882484272 0.033491361876 1.075518185966
755113.000000000000 10.001000000000 1.001833731694 -0.008775510204 -0.002653061224 3.000201000000 1.122160047657 0.033070849600 1.115211046503
755134.000000000000 10.001000000000 1.001425568429 -0.008367346939 -0.002653061224 3.000201000000 1.330103236828 0.029166872176 1.325467802359
755159.000000000000 10.001000000000 1.001425568429 -0.007959183673 -0.002653061224 3.000201000000 1.129253457292 0.026013596212 1.121810604542
755187.000000000000 10.001000000000 1.001425568429 -0.007551020408 -0.002653061224 3.000201000000 1.265101884304 0.022031464467 1.255700790638
755218.000000000000 10.001000000000 1.001425568429 -0.007142857143 -0.002653061224 3.000201000000 1.060454636898 0.016981361203 1.070036501291
755872.000000000000 10.001000000000 0.994078629653 -0.000612244898 -0.002653061224 3.000201000000 1.392852977284 1.391981597586 0.004762268447
755922.000000000000 10.001000000000 0.994894956184 -0.000204081633 -0.002653061224 3.000201000000 1.346648711089 1.344452610339 0.004844679850
755995.000000000000 10.001000000000 1.005099037816 0.000204081633 -0.002653061224 3.000201000000 1.325266725551 1.323159488768 0.004684782217
756045.000000000000 10.001000000000 1.005915364347 0.000612244898 -0.002653061224 3.000201000000 1.375144538261 1.375950907110 0.004601995460
756699.000000000000 10.001000000000 0.998568425571 0.007142857143 -0.002653061224 3.000201000000 1.111026763613 0.016813237335 1.120139930410
756730.000000000000 10.001000000000 0.998568425571 0.007551020408 -0.002653061224 3.000201000000 1.220453163542 0.021791863490 1.211077814417
756758.000000000000 10.001000000000 0.998568425571 0.007959183673 -0.002653061224 3.000201000000 1.082862112993 0.025807552309 1.075240539036
756783.000000000000 10.001000000000 0.998568425571 0.008367346939 -0.002653061224 3.000201000000 1.268366199713 0.029053207171 1.263231497060
756804.000000000000 10.001000000000 0.998160262306 0.008775510204 -0.002653061224 3.000201000000 1.025714497590 0.033037527143 1.018293757040
756805.000000000000 10.001000000000 0.998568425571 0.008775510204 -0.002653061224 3.000201000000 1.139985492297 0.033433497756 1.148760509988
756858.000000000000 10.001000000000 1.002241894959 -0.009183673469 -0.002244897959 3.000201000000 1.041647648255 0.040304760308 1.066406734165
756875.000000000000 10.001000000000 1.001833731694 -0.008775510204 -0.002244897959 3.000201000000 1.135510226857 0.020299508661 1.131210501162
756896.000000000000 10.001000000000 1.001425568429 -0.008367346939 -0.002244897959 3.000201000000 1.365858016094 0.016915057161 1.367457851743
756922.000000000000 10.001000000000 1.001425568429 -0.007959183673 -0.002244897959 3.000201000000 1.273919106162 0.014261367660 1.270790300502
756951.000000000000 10.001000000000 1.001425568429 -0.007551020408 -0.002244897959 3.000201000000 1.353386430468 0.012212041755 1.348051924759
756982.000000000000 10.001000000000 1.001425568429 -0.007142857143 -0.002244897959 3.000201000000 1.095615222224 0.010810396706 1.102794047536
757088.000000000000 10.001000000000 1.001833731694 -0.005918367347 -0.002244897959 3.000201000000 1.223592390309 0.011643396386 1.218772321917
757595.000000000000 10.001000000000 0.993670466388 -0.001020408163 -0.002244897959 3.000201000000 1.255144930502 1.248380951675 0.010628269120
757643.000000000000 10.001000000000 0.993670466388 -0.000612244898 -0.002244897959 3.000201000000 1.135929857423 1.141298079404 0.006635130272
757693.000000000000 10.001000000000 0.994486792918 -0.000204081633 -0.002244897959 3.000201000000 1.248462279366 1.249874778927 0.003314182957
757768.000000000000 10.001000000000 1.005507201082 0.000204081633 -0.002244897959 3.000201000000 1.267647725885 1.268997995532 0.003383498560
757818.000000000000 10.001000000000 1.006323527612 0.000612244898 -0.002244897959 3.000201000000 1.098812859028 1.104097758719 0.006409737946
757866.000000000000 10.001000000000 1.006323527612 0.001020408163 -0.002244897959 3.000201000000 1.340735142839 1.334330869801 0.010510007923
758479.000000000000 10.001000000000 0.998568425571 0.007142857143 -0.002244897959 3.000201000000 1.179415397334 0.010683959199 1.186112601670
758510.000000000000 10.001000000000 0.998568425571 0.007551020408 -0.002244897959 3.000201000000 1.280651417675 0.012163243447 1.275262947575
758539.000000000000 10.001000000000 0.998568425571 0.007959183673 -0.002244897959 3.000201000000 1.201683064701 0.014320594890 1.198450076960
758565.000000000000 10.001000000000 0.998568425571 0.008367346939 -0.002244897959 3.000201000000 1.390594612486 0.017062570491 1.388883972432
758586.000000000000 10.001000000000 0.998160262306 0.008775510204 -0.002244897959 3.000201000000 1.040346454563 0.020501180400 1.035893146620
758587.000000000000 10.001000000000 0.998568425571 0.008775510204 -0.002244897959 3.000201000000 1.060481940924 0.021479830483 1.065849429034
758603.000000000000 10.001000000000 0.997752099041 0.009183673469 -0.002244897959 3.000201000000 1.211517965476 0.039470144074 1.233799616114
758649.000000000000 10.001000000000 1.002241894959 -0.009183673469 -0.001836734694 3.000201000000 1.161455569786 0.029212409696 1.182668147389
758650.000000000000 10.001000000000 1.002650058224 -0.009183673469 -0.001836734694 3.000201000000 1.286071133174 0.038782528874 1.313122968006
758668.000000000000 10.001000000000 1.001833731694 -0.008775510204 -0.001836734694 3.000201000000 1.113892742382 0.006225564624 1.110308121529
758691.000000000000 10.001000000000 1.001425568429 -0.008367346939 -0.001836734694 3.000201000000 1.336673522710 0.002350329584 1.336869010842
758718.000000000000 10.001000000000 1.001425568429 -0.007959183673 -0.001836734694 3.000201000000 1.301872408984 0.001246415529 1.300950162749
758747.000000000000 10.001000000000 1.001425568429 -0.007551020408 -0.001836734694 3.000201000000 1.329295144795 0.004217755523 1.326262007682
758779.000000000000 10.001000000000 1.001425568429 -0.007142857143 -0.001836734694 3.000201000000 1.229510282352 0.006762216930 1.234730074263
759500.000000000000 10.001000000000 0.994078629653 -0.000204081633 -0.001836734694 3.000201000000 1.297338325589 1.294624542394 0.011086550733
759577.000000000000 10.001000000000 1.005915364347 0.000204081633 -0.001836734694 3.000201000000 1.272408058069 1.269663003492 0.011212468765
760298.000000000000 10.001000000000 0.998568425571 0.007142857143 -0.001836734694 3.000201000000 1.331242340754 0.006391131043 1.335930586757
760330.000000000000 10.001000000000 0.998568425571 0.007551020408 -0.001836734694 3.000201000000 1.236457292816 0.003885394168 1.233477518891
760359.000000000000 10.001000000000 0.998568425571 0.007959183673 -0.001836734694 3.000201000000 1.219204852855 0.001259753292 1.218347963423
760386.000000000000 10.001000000000 0.998568425571 0.008367346939 -0.001836734694 3.000201000000 1.412061462494 0.002846236284 1.412220383218
760409.000000000000 10.001000000000 0.998160262306 0.008775510204 -0.001836734694 3.000201000000 1.020609403029 0.006523796966 1.017115654371
760410.000000000000 10.001000000000 0.998568425571 0.008775510204 -0.001836734694 3.000201000000 1.058517208343 0.007887477093 1.062050472529
760427.000000000000 10.001000000000 0.997343935776 0.009183673469 -0.001836734694 3.000201000000 1.345143244300 0.037622830112 1.319614723896
760428.000000000000 10.001000000000 0.997752099041 0.009183673469 -0.001836734694 3.000201000000 1.320039098374 0.028511457560 1.338846223823
760479.000000000000 10.001000000000 1.002241894959 -0.009183673469 -0.001428571429 3.000201000000 1.279995693962 0.025603320748 1.299146211074
760480.000000000000 10.001000000000 1.002650058224 -0.009183673469 -0.001428571429 3.000201000000 1.381929035124 0.034409404460 1.356979842015
760497.000000000000 10.001000000000 1.001425568429 -0.008775510204 -0.001428571429 3.000201000000 1.030965973693 0.012181607377 1.034224361564
760498.000000000000 10.001000000000 1.001833731694 -0.008775510204 -0.001428571429 3.000201000000 1.063544067192 0.014963558584 1.059734625244
760521.000000000000 10.001000000000 1.001425568429 -0.008367346939 -0.001428571429 3.000201000000 1.367745029259 0.015367472284 1.367714511640
760548.000000000000 10.001000000000 1.001425568429 -0.007959183673 -0.001428571429 3.000201000000 1.257567613261 0.016256862660 1.257353716534
760578.000000000000 10.001000000000 1.001425568429 -0.007551020408 -0.001428571429 3.000201000000 1.236153713708 0.015399643840 1.234082959402
760611.000000000000 10.001000000000 1.001425568429 -0.007142857143 -0.001428571429 3.000201000000 1.402128420945 0.013131176464 1.406146789238
761238.000000000000 10.001000000000 0.993262303122 -0.001020408163 -0.001428571429 3.000201000000 1.389142110377 1.378322516833 0.014986648112
761286.000000000000 10.001000000000 0.993262303122 -0.000612244898 -0.001428571429 3.000201000000 1.111130173655 1.120177793719 0.015382443564
761463.000000000000 10.001000000000 1.006731690878 0.000612244898 -0.001428571429 3.000201000000 1.093858795642 1.102735815231 0.015421585789
761511.000000000000 10.001000000000 1.006731690878 0.001020408163 -0.001428571429 3.000201000000 1.393908828265 1.404529978787 0.014865764968
762103.000000000000 10.001000000000 0.998568425571 0.006734693878 -0.001428571429 3.000201000000 1.096086462799 0.009116053215 1.102336359132
762138.000000000000 10.001000000000 0.998568425571 0.007142857143 -0.001428571429 3.000201000000 1.315066237931 0.012718986494 1.311133228392
762171.000000000000 10.001000000000 0.998568425571 0.007551020408 -0.001428571429 3.000201000000 1.136878004851 0.014869695286 1.135036443256
762201.000000000000 10.001000000000 0.998568425571 0.007959183673 -0.001428571429 3.000201000000 1.169333204318 0.015584278086 1.169355887787
762228.000000000000 10.001000000000 0.998568425571 0.008367346939 -0.001428571429 3.000201000000 1.382847939889 0.014451576719 1.383055243308
762252.000000000000 10.001000000000 0.998568425571 0.008775510204 -0.001428571429 3.000201000000 1.101029394230 0.010966919272 1.103991641398
762269.000000000000 10.001000000000 0.997343935776 0.009183673469 -0.001428571429 3.000201000000 1.204059338537 0.032926179794 1.177679116632
762270.000000000000 10.001000000000 0.997752099041 0.009183673469 -0.001428571429 3.000201000000 1.404404152621 0.024325493215 1.387229818248
762271.000000000000 10.001000000000 0.998160262306 0.009183673469 -0.001428571429 3.000201000000 1.063609600875 0.018145799126 1.078564603014
762322.000000000000 10.001000000000 1.001833731694 -0.009183673469 -0.001020408163 3.000201000000 1.030865066640 0.034473600840 1.046653357396
762323.000000000000 10.001000000000 1.002241894959 -0.009183673469 -0.001020408163 3.000201000000 1.374683446444 0.039046802673 1.392579542094
762324.000000000000 10.001000000000 1.002650058224 -0.009183673469 -0.001020408163 3.000201000000 1.257544993832 0.044479777874 1.231163540177
762325.000000000000 10.001000000000 1.003058221490 -0.009183673469 -0.001020408163 3.000201000000 1.236520096960 0.050571173728 1.201816053604
762341.000000000000 10.001000000000 1.001425568429 -0.008775510204 -0.001020408163 3.000201000000 1.080894091053 0.036117269248 1.084540429134
762342.000000000000 10.001000000000 1.001833731694 -0.008775510204 -0.001020408163 3.000201000000 1.008220651479 0.040724174701 1.004121118439
762365.000000000000 10.001000000000 1.001425568429 -0.008367346939 -0.001020408163 3.000201000000 1.406630126961 0.039823269877 1.406404385789
762393.000000000000 10.001000000000 1.001425568429 -0.007959183673 -0.001020408163 3.000201000000 1.186555151637 0.039147459656 1.186437532803
762424.000000000000 10.001000000000 1.001425568429 -0.007551020408 -0.001020408163 3.000201000000 1.126472837852 0.035020948869 1.124771873721
762457.000000000000 10.001000000000 1.001425568429 -0.007142857143 -0.001020408163 3.000201000000 1.262998396131 0.027693910596 1.258953148047
762492.000000000000 10.001000000000 1.001425568429 -0.006734693878 -0.001020408163 3.000201000000 1.209632673165 0.016898206430 1.215922766392
763134.000000000000 10.001000000000 0.993262303122 -0.000612244898 -0.001020408163 3.000201000000 1.205492220625 1.199193189151 0.027652140631
763311.000000000000 10.001000000000 1.006731690878 0.000612244898 -0.001020408163 3.000201000000 1.223424567275 1.217419430818 0.027956656673
763953.000000000000 10.001000000000 0.998568425571 0.006734693878 -0.001020408163 3.000201000000 1.352975419622 0.016845824182 1.358485757235
763988.000000000000 10.001000000000 0.998568425571 0.007142857143 -0.001020408163 3.000201000000 1.142591055838 0.027317016314 1.138724314076
764021.000000000000 10.001000000000 0.998568425571 0.007551020408 -0.001020408163 3.000201000000 1.027950443524 0.034308998186 1.026599530212
764052.000000000000 10.001000000000 0.998568425571 0.007959183673 -0.001020408163 3.000201000000 1.095959520075 0.038084493044 1.096222978315
764080.000000000000 10.001000000000 0.998568425571 0.008367346939 -0.001020408163 3.000201000000 1.327156959041 0.038320558419 1.327225650537
764104.000000000000 10.001000000000 0.998568425571 0.008775510204 -0.001020408163 3.000201000000 1.156911363583 0.034104230376 1.160028294042
764120.000000000000 10.001000000000 0.996935772510 0.009183673469 -0.001020408163 3.000201000000 1.029422535951 0.048172922296 0.993026299680
764121.000000000000 10.001000000000 0.997343935776 0.009183673469 -0.001020408163 3.000201000000 1.096017059583 0.041865597746 1.069000741038
764122.000000000000 10.001000000000 0.997752099041 0.009183673469 -0.001020408163 3.000201000000 1.319620938041 0.036503506823 1.301860954001
764123.000000000000 10.001000000000 0.998160262306 0.009183673469 -0.001020408163 3.000201000000 1.135689160526 0.031990556448 1.150116913470
764177.000000000000 10.001000000000 1.001833731694 -0.009183673469 -0.000612244898 3.000201000000 1.088185941394 0.074603698031 1.104469220388
764178.000000000000 10.001000000000 1.002241894959 -0.009183673469 -0.000612244898 3.000201000000 1.388508201563 0.079009225288 1.370700417308
764179.000000000000 10.001000000000 1.002650058224 -0.009183673469 -0.000612244898 3.000201000000 1.171695286066 0.081579263756 1.145054511000
764180.000000000000 10.001000000000 1.003058221490 -0.009183673469 -0.000612244898 3.000201000000 1.125925150583 0.082382466631 1.090318148046
764198.000000000000 10.001000000000 1.001425568429 -0.008775510204 -0.000612244898 3.000201000000 1.125716050237 0.080827576289 1.130434098794
764223.000000000000 10.001000000000 1.001425568429 -0.008367346939 -0.000612244898 3.000201000000 1.358274334625 0.085363042633 1.357827096394
764251.000000000000 10.001000000000 1.001425568429 -0.007959183673 -0.000612244898 3.000201000000 1.122153839267 0.082015879516 1.122616996348
764282.000000000000 10.001000000000 1.001425568429 -0.007551020408 -0.000612244898 3.000201000000 1.041411361134 0.072406617221 1.040556569405
764315.000000000000 10.001000000000 1.001425568429 -0.007142857143 -0.000612244898 3.000201000000 1.136719724210 0.056861270499 1.132955426751
764350.000000000000 10.001000000000 1.001425568429 -0.006734693878 -0.000612244898 3.000201000000 1.386325959709 0.034569304367 1.392019327163
765047.000000000000 10.001000000000 0.993670466388 -0.000204081633 -0.000612244898 3.000201000000 1.082328709941 1.074014896949 0.069600894163
765126.000000000000 10.001000000000 1.006323527612 0.000204081633 -0.000612244898 3.000201000000 1.059900074428 1.051425153588 0.069778128944
765823.000000000000 10.001000000000 0.998568425571 0.006734693878 -0.000612244898 3.000201000000 1.299252009354 0.034835935223 1.293643756128
765858.000000000000 10.001000000000 0.998568425571 0.007142857143 -0.000612244898 3.000201000000 1.018868051845 0.056403926261 1.015592779773
765922.000000000000 10.001000000000 0.998568425571 0.007959183673 -0.000612244898 3.000201000000 1.029336915079 0.080189248504 1.030492099821
765950.000000000000 10.001000000000 0.998568425571 0.008367346939 -0.000612244898 3.000201000000 1.272906396774 0.082628118219 1.273037119621
765975.000000000000 10.001000000000 0.998568425571 0.008775510204 -0.000612244898 3.000201000000 1.200130591755 0.077234407948 1.203951836207
765994.000000000000 10.001000000000 0.997343935776 0.009183673469 -0.000612244898 3.000201000000 1.032341820998 0.076786447840 1.005858769070
765995.000000000000 10.001000000000 0.997752099041 0.009183673469 -0.000612244898 3.000201000000 1.258064110489 0.074316824126 1.240146583026
765996.000000000000 10.001000000000 0.998160262306 0.009183673469 -0.000612244898 3.000201000000 1.192192566942 0.069970295742 1.206650108721
766053.000000000000 10.001000000000 1.001833731694 -0.009183673469 -0.000204081633 3.000201000000 1.117579233788 0.246778305697 1.142344781932
766054.000000000000 10.001000000000 1.002241894959 -0.009183673469 -0.000204081633 3.000201000000 1.353360883459 0.257742263590 1.337650588647
766055.000000000000 10.001000000000 1.002650058224 -0.009183673469 -0.000204081633 3.000201000000 1.134491874586 0.258093918146 1.118141475827
766056.000000000000 10.001000000000 1.003058221490 -0.009183673469 -0.000204081633 3.000201000000 1.075013084556 0.249702623416 1.051110832751
766074.000000000000 10.001000000000 1.001425568429 -0.008775510204 -0.000204081633 3.000201000000 1.151638185688 0.266664026289 1.165539614828
766099.000000000000 10.001000000000 1.001425568429 -0.008367346939 -0.000204081633 3.000201000000 1.330809856354 0.276009978382 1.333264992864
766127.000000000000 10.001000000000 1.001425568429 -0.007959183673 -0.000204081633 3.000201000000 1.085873064032 0.263272436236 1.098079641353
766191.000000000000 10.001000000000 1.001425568429 -0.007142857143 -0.000204081633 3.000201000000 1.072150521883 0.184047429995 1.074563374972
766226.000000000000 10.001000000000 1.001425568429 -0.006734693878 -0.000204081633 3.000201000000 1.353821173321 0.113889457799 1.348417527511
766923.000000000000 10.001000000000 0.993670466388 -0.000204081633 -0.000204081633 3.000201000000 1.199390209840 1.194354135544 0.215711594756
767002.000000000000 10.001000000000 1.006323527612 0.000204081633 -0.000204081633 3.000201000000 1.165103394080 1.160663395063 0.215981063624
767662.000000000000 10.001000000000 0.998568425571 0.006326530612 -0.000204081633 3.000201000000 1.045420202218 0.023836064219 1.052674004954
767699.000000000000 10.001000000000 0.998568425571 0.006734693878 -0.000204081633 3.000201000000 1.207130777628 0.115128439672 1.202724833830
767826.000000000000 10.001000000000 0.998568425571 0.008367346939 -0.000204081633 3.000201000000 1.246436657596 0.268416201838 1.252244880270
767851.000000000000 10.001000000000 0.998568425571 0.008775510204 -0.000204081633 3.000201000000 1.227092714464 0.255495352087 1.236782245078
767871.000000000000 10.001000000000 0.997752099041 0.009183673469 -0.000204081633 3.000201000000 1.226035123833 0.243622009216 1.213976553367
767872.000000000000 10.001000000000 0.998160262306 0.009183673469 -0.000204081633 3.000201000000 1.222854951370 0.233752849366 1.241772780437
767929.000000000000 10.001000000000 1.001833731694 -0.009183673469 0.000204081633 3.000201000000 1.117579233788 0.247864930195 1.142533876422
767930.000000000000 10.001000000000 1.002241894959 -0.009183673469 0.000204081633 3.000201000000 1.353360883459 0.255765252099 1.337595122018
767931.000000000000 10.001000000000 1.002650058224 -0.009183673469 0.000204081633 3.000201000000 1.134491874586 0.257202412526 1.117890554698
767932.000000000000 10.001000000000 1.003058221490 -0.009183673469 0.000204081633 3.000201000000 1.075013084556 0.248883706617 1.050936029745
767950.000000000000 10.001000000000 1.001425568429 -0.008775510204 0.000204081633 3.000201000000 1.151638185688 0.265521512751 1.165569067439
767975.000000000000 10.001000000000 1.001425568429 -0.008367346939 0.000204081633 3.000201000000 1.330809856354 0.276304818484 1.333203067226
768003.000000000000 10.001000000000 1.001425568429 -0.007959183673 0.000204081633 3.000201000000 1.085873064032 0.264124057798 1.098279058581
768067.000000000000 10.001000000000 1.001425568429 -0.007142857143 0.000204081633 3.000201000000 1.072150521883 0.184341974634 1.074627317954
768102.000000000000 10.001000000000 1.001425568429 -0.006734693878 0.000204081633 3.000201000000 1.353821173321 0.113886792452 1.348441756870
768799.000000000000 10.001000000000 0.993670466388 -0.000204081633 0.000204081633 3.000201000000 1.199390209840 1.194333859822 0.215696021961
768878.000000000000 10.001000000000 1.006323527612 0.000204081633 0.000204081633 3.000201000000 1.165103394080 1.160665970875 0.216110765368
769538.000000000000 10.001000000000 0.998568425571 0.006326530612 0.000204081633 3.000201000000 1.045420202218 0.023870224222 1.052669842767
769575.000000000000 10.001000000000 0.998568425571 0.006734693878 0.000204081633 3.000201000000 1.207130777628 0.115151046470 1.202661140140
769702.000000000000 10.001000000000 0.998568425571 0.008367346939 0.000204081633 3.000201000000 1.246436657596 0.268461814327 1.252280752459
769727.000000000000 10.001000000000 0.998568425571 0.008775510204 0.000204081633 3.000201000000 1.227092714464 0.256025504195 1.236812859455
769747.000000000000 10.001000000000 0.997752099041 0.009183673469 0.000204081633 3.000201000000 1.226035123833 0.243287001620 1.213786092960
769748.000000000000 10.001000000000 0.998160262306 0.009183673469 0.000204081633 3.000201000000 1.222854951370 0.233545321127 1.241830815407
769805.000000000000 10.001000000000 1.001833731694 -0.009183673469 0.000612244898 3.000201000000 1.088185941394 0.074573769089 1.104451851013
769806.000000000000 10.001000000000 1.002241894959 -0.009183673469 0.000612244898 3.000201000000 1.388508201563 0.079014280837 1.370735402467
769807.000000000000 10.001000000000 1.002650058224 -0.009183673469 0.000612244898 3.000201000000 1.171695286066 0.081379375966 1.145117040040
769808.000000000000 10.001000000000 1.003058221490 -0.009183673469 0.000612244898 3.000201000000 1.125925150583 0.082323719580 1.090352242013
769826.000000000000 10.001000000000 1.001425568429 -0.008775510204 0.000612244898 3.000201000000 1.125716050237 0.080932541324 1.130329023279
769851.000000000000 10.001000000000 1.001425568429 -0.008367346939 0.000612244898 3.000201000000 1.358274334625 0.085327356999 1.357864194041
769879.000000000000 10.001000000000 1.001425568429 -0.007959183673 0.000612244898 3.000201000000 1.122153839267 0.082010729632 1.122667866869
769910.000000000000 10.001000000000 1.001425568429 -0.007551020408 0.000612244898 3.000201000000 1.041411361134 0.072432644558 1.040548534378
769943.000000000000 10.001000000000 1.001425568429 -0.007142857143 0.000612244898 3.000201000000 1.136719724210 0.056859669680 1.132933473897
769978.000000000000 10.001000000000 1.001425568429 -0.006734693878 0.000612244898 3.000201000000 1.386325959709 0.034571877469 1.392018894997
770675.000000000000 10.001000000000 0.993670466388 -0.000204081633 0.000612244898 3.000201000000 1.082328709941 1.074022383981 0.069594640033
770754.000000000000 10.001000000000 1.006323527612 0.000204081633 0.000612244898 3.000201000000 1.059900074428 1.051411888714 0.069809343548
771451.000000000000 10.001000000000 0.998568425571 0.006734693878 0.000612244898 3.000201000000 1.299252009354 0.034822344160 1.293647789569
771486.000000000000 10.001000000000 0.998568425571 0.007142857143 0.000612244898 3.000201000000 1.018868051845 0.056397536751 1.015554809721
771550.000000000000 10.001000000000 0.998568425571 0.007959183673 0.000612244898 3.000201000000 1.029336915079 0.080249767538 1.030544371130
771578.000000000000 10.001000000000 0.998568425571 0.008367346939 0.000612244898 3.000201000000 1.272906396774 0.082832434058 1.273109515787
771603.000000000000 10.001000000000 0.998568425571 0.008775510204 0.000612244898 3.000201000000 1.200130591755 0.077219510324 1.203946790171
771622.000000000000 10.001000000000 0.997343935776 0.009183673469 0.000612244898 3.000201000000 1.032341820998 0.076577785496 1.005905328873
771623.000000000000 10.001000000000 0.997752099041 0.009183673469 0.000612244898 3.000201000000 1.258064110489 0.074444886463 1.240176343293
771624.000000000000 10.001000000000 0.998160262306 0.009183673469 0.000612244898 3.000201000000 1.192192566942 0.069903358695 1.206646290133
771678.000000000000 10.001000000000 1.001833731694 -0.009183673469 0.001020408163 3.000201000000 1.030865066640 0.034461062489 1.046644427134
771679.000000000000 10.001000000000 1.002241894959 -0.009183673469 0.001020408163 3.000201000000 1.374683446444 0.039055120939 1.392572085152
771680.000000000000 10.001000000000 1.002650058224 -0.009183673469 0.001020408163 3.000201000000 1.257544993832 0.044421000852 1.231209155542
771681.000000000000 10.001000000000 1.003058221490 -0.009183673469 0.001020408163 3.000201000000 1.236520096960 0.050535556896 1.201839647785
771697.000000000000 10.001000000000 1.001425568429 -0.008775510204 0.001020408163 3.000201000000 1.080894091053 0.036148751767 1.084484747947
771698.000000000000 10.001000000000 1.001833731694 -0.008775510204 0.001020408163 3.000201000000 1.008220651479 0.040720135042 1.004138424326
771721.000000000000 10.001000000000 1.001425568429 -0.008367346939 0.001020408163 3.000201000000 1.406630126961 0.039801404741 1.406390003557
771749.000000000000 10.001000000000 1.001425568429 -0.007959183673 0.001020408163 3.000201000000 1.186555151637 0.039142727023 1.186454097694
771780.000000000000 10.001000000000 1.001425568429 -0.007551020408 0.001020408163 3.000201000000 1.126472837852 0.035006421029 1.124745755766
771813.000000000000 10.001000000000 1.001425568429 -0.007142857143 0.001020408163 3.000201000000 1.262998396131 0.027693271392 1.258952941179
771848.000000000000 10.001000000000 1.001425568429 -0.006734693878 0.001020408163 3.000201000000 1.209632673165 0.016895158826 1.215919135453
772490.000000000000 10.001000000000 0.993262303122 -0.000612244898 0.001020408163 3.000201000000 1.205492220625 1.199189018190 0.027646773137
772667.000000000000 10.001000000000 1.006731690878 0.000612244898 0.001020408163 3.000201000000 1.223424567275 1.217419791948 0.027960387932
773309.000000000000 10.001000000000 0.998568425571 0.006734693878 0.001020408163 3.000201000000 1.352975419622 0.016832349478 1.358467494948
773344.000000000000 10.001000000000 0.998568425571 0.007142857143 0.001020408163 3.000201000000 1.142591055838 0.027306984050 1.138755266073
773377.000000000000 10.001000000000 0.998568425571 0.007551020408 0.001020408163 3.000201000000 1.027950443524 0.034305124907 1.026601086627
773408.000000000000 10.001000000000 0.998568425571 0.007959183673 0.001020408163 3.000201000000 1.095959520075 0.038067059993 1.096216729811
773436.000000000000 10.001000000000 0.998568425571 0.008367346939 0.001020408163 3.000201000000 1.327156959041 0.038317389293 1.327222160241
773460.000000000000 10.001000000000 0.998568425571 0.008775510204 0.001020408163 3.000201000000 1.156911363583 0.034112568092 1.160006764381
773476.000000000000 10.001000000000 0.996935772510 0.009183673469 0.001020408163 3.000201000000 1.029422535951 0.048190102500 0.993014699935
773477.000000000000 10.001000000000 0.997343935776 0.009183673469 0.001020408163 3.000201000000 1.096017059583 0.041891612746 1.068986646371
773478.000000000000 10.001000000000 0.997752099041 0.009183673469 0.001020408163 3.000201000000 1.319620938041 0.036529244185 1.301834006953
773479.000000000000 10.001000000000 0.998160262306 0.009183673469 0.001020408163 3.000201000000 1.135689160526 0.031972568677 1.150075806462
773531.000000000000 10.001000000000 1.002241894959 -0.009183673469 0.001428571429 3.000201000000 1.279995693962 0.025607684163 1.299149966306
773532.000000000000 10.001000000000 1.002650058224 -0.009183673469 0.001428571429 3.000201000000 1.381929035124 0.034427004910 1.356966868113
773549.000000000000 10.001000000000 1.001425568429 -0.008775510204 0.001428571429 3.000201000000 1.030965973693 0.012179335413 1.034238019661
773550.000000000000 10.001000000000 1.001833731694 -0.008775510204 0.001428571429 3.000201000000 1.063544067192 0.014958933142 1.059749061126
773573.000000000000 10.001000000000 1.001425568429 -0.008367346939 0.001428571429 3.000201000000 1.367745029259 0.015369351873 1.367706839847
773600.000000000000 10.001000000000 1.001425568429 -0.007959183673 0.001428571429 3.000201000000 1.257567613261 0.016258055295 1.257373429920
773630.000000000000 10.001000000000 1.001425568429 -0.007551020408 0.001428571429 3.000201000000 1.236153713708 0.015399715871 1.234075091459
773663.000000000000 10.001000000000 1.001425568429 -0.007142857143 0.001428571429 3.000201000000 1.402128420945 0.013138480562 1.406154140339
774290.000000000000 10.001000000000 0.993262303122 -0.001020408163 0.001428571429 3.000201000000 1.389142110377 1.378319358476 0.014991012189
774338.000000000000 10.001000000000 0.993262303122 -0.000612244898 0.001428571429 3.000201000000 1.111130173655 1.120180603115 0.015383253602
774515.000000000000 10.001000000000 1.006731690878 0.000612244898 0.001428571429 3.000201000000 1.093858795642 1.102725224730 0.015411908172
774563.000000000000 10.001000000000 1.006731690878 0.001020408163 0.001428571429 3.000201000000 1.393908828265 1.404536060529 0.014874310126
775155.000000000000 10.001000000000 0.998568425571 0.006734693878 0.001428571429 3.000201000000 1.096086462799 0.009122322161 1.102341355799
775190.000000000000 10.001000000000 0.998568425571 0.007142857143 0.001428571429 3.000201000000 1.315066237931 0.012723440597 1.311127613053
775223.000000000000 10.001000000000 0.998568425571 0.007551020408 0.001428571429 3.000201000000 1.136878004851 0.014873541228 1.135011294178
775253.000000000000 10.001000000000 0.998568425571 0.007959183673 0.001428571429 3.000201000000 1.169333204318 0.015578084862 1.169359104208
775280.000000000000 10.001000000000 0.998568425571 0.008367346939 0.001428571429 3.000201000000 1.382847939889 0.014451577205 1.383074372825
775304.000000000000 10.001000000000 0.998568425571 0.008775510204 0.001428571429 3.000201000000 1.101029394230 0.010967324742 1.103999849595
775321.000000000000 10.001000000000 0.997343935776 0.009183673469 0.001428571429 3.000201000000 1.204059338537 0.032920609733 1.177683572342
775322.000000000000 10.001000000000 0.997752099041 0.009183673469 0.001428571429 3.000201000000 1.404404152621 0.024298451459 1.387250381661
775323.000000000000 10.001000000000 0.998160262306 0.009183673469 0.001428571429 3.000201000000 1.063609600875 0.018164499387 1.078579794600
775373.000000000000 10.001000000000 1.002241894959 -0.009183673469 0.001836734694 3.000201000000 1.161455569786 0.029226093652 1.182681780722
775374.000000000000 10.001000000000 1.002650058224 -0.009183673469 0.001836734694 3.000201000000 1.286071133174 0.038798676110 1.313135916053
775392.000000000000 10.001000000000 1.001833731694 -0.008775510204 0.001836734694 3.000201000000 1.113892742382 0.006241406921 1.110296683177
775415.000000000000 10.001000000000 1.001425568429 -0.008367346939 0.001836734694 3.000201000000 1.336673522710 0.002350423742 1.336875737657
775442.000000000000 10.001000000000 1.001425568429 -0.007959183673 0.001836734694 3.000201000000 1.301872408984 0.001269833635 1.300931337412
775471.000000000000 10.001000000000 1.001425568429 -0.007551020408 0.001836734694 3.000201000000 1.329295144795 0.004210333126 1.326267541893
775503.000000000000 10.001000000000 1.001425568429 -0.007142857143 0.001836734694 3.000201000000 1.229510282352 0.006767781789 1.234734023114
776224.000000000000 10.001000000000 0.994078629653 -0.000204081633 0.001836734694 3.000201000000 1.297338325589 1.294628115762 0.011086354014
776301.000000000000 10.001000000000 1.005915364347 0.000204081633 0.001836734694 3.000201000000 1.272408058069 1.269660814538 0.011213464229
777022.000000000000 10.001000000000 0.998568425571 0.007142857143 0.001836734694 3.000201000000 1.331242340754 0.006397347811 1.335935160813
777054.000000000000 10.001000000000 0.998568425571 0.007551020408 0.001836734694 3.000201000000 1.236457292816 0.003870474591 1.233488551254
777083.000000000000 10.001000000000 0.998568425571 0.007959183673 0.001836734694 3.000201000000 1.219204852855 0.001246526617 1.218361957347
777110.000000000000 10.001000000000 0.998568425571 0.008367346939 0.001836734694 3.000201000000 1.412061462494 0.002847096528 1.412228970809
777133.000000000000 10.001000000000 0.998160262306 0.008775510204 0.001836734694 3.000201000000 1.020609403029 0.006532885982 1.017102639416
777134.000000000000 10.001000000000 0.998568425571 0.008775510204 0.001836734694 3.000201000000 1.058517208343 0.007886265612 1.062053666931
777151.000000000000 10.001000000000 0.997343935776 0.009183673469 0.001836734694 3.000201000000 1.345143244300 0.037616504762 1.319619629182
777152.000000000000 10.001000000000 0.997752099041 0.009183673469 0.001836734694 3.000201000000 1.320039098374 0.028513238852 1.338846051463
777198.000000000000 10.001000000000 1.002241894959 -0.009183673469 0.002244897959 3.000201000000 1.042017647394 0.040291573511 1.066765785295
777215.000000000000 10.001000000000 1.001833731694 -0.008775510204 0.002244897959 3.000201000000 1.135387465769 0.020294539021 1.131087353395
777236.000000000000 10.001000000000 1.001425568429 -0.008367346939 0.002244897959 3.000201000000 1.365911921332 0.016918529390 1.367504371367
777262.000000000000 10.001000000000 1.001425568429 -0.007959183673 0.002244897959 3.000201000000 1.273833241297 0.014262656340 1.270709072181
777291.000000000000 10.001000000000 1.001425568429 -0.007551020408 0.002244897959 3.000201000000 1.353473513698 0.012211163473 1.348134630953
777322.000000000000 10.001000000000 1.001425568429 -0.007142857143 0.002244897959 3.000201000000 1.095445352750 0.010808251295 1.102619236491
777428.000000000000 10.001000000000 1.001833731694 -0.005918367347 0.002244897959 3.000201000000 1.222705564305 0.011642812762 1.217884923210
777935.000000000000 10.001000000000 0.993670466388 -0.001020408163 0.002244897959 3.000201000000 1.254562538796 1.247798043027 0.010626623835
777983.000000000000 10.001000000000 0.993670466388 -0.000612244898 0.002244897959 3.000201000000 1.135945907365 1.141317732631 0.006639471021
778033.000000000000 10.001000000000 0.994486792918 -0.000204081633 0.002244897959 3.000201000000 1.248987521928 1.250398978787 0.003313996393
778108.000000000000 10.001000000000 1.005507201082 0.000204081633 0.002244897959 3.000201000000 1.267723225775 1.269076308145 0.003384603770
778158.000000000000 10.001000000000 1.006323527612 0.000612244898 0.002244897959 3.000201000000 1.098774485295 1.104064321666 0.006415637644
778206.000000000000 10.001000000000 1.006323527612 0.001020408163 0.002244897959 3.000201000000 1.341064713428 1.334666989656 0.010504807021
778819.000000000000 10.001000000000 0.998568425571 0.007142857143 0.002244897959 3.000201000000 1.179379629301 0.010686281937 1.186077876796
778850.000000000000 10.001000000000 0.998568425571 0.007551020408 0.002244897959 3.000201000000 1.280597506415 0.012166826166 1.275204050700
778879.000000000000 10.001000000000 0.998568425571 0.007959183673 0.002244897959 3.000201000000 1.202883604430 0.014318180232 1.199653975651
778905.000000000000 10.001000000000 0.998568425571 0.008367346939 0.002244897959 3.000201000000 1.390503261974 0.017070738833 1.388795451920
778926.000000000000 10.001000000000 0.998160262306 0.008775510204 0.002244897959 3.000201000000 1.040403841011 0.020505691656 1.035934601220
778927.000000000000 10.001000000000 0.998568425571 0.008775510204 0.002244897959 3.000201000000 1.060364489299 0.021472387702 1.065729578407
778943.000000000000 10.001000000000 0.997752099041 0.009183673469 0.002244897959 3.000201000000 1.211366509651 0.039462009454 1.233644190971
778996.000000000000 10.001000000000 1.001425568429 -0.008775510204 0.002653061224 3.000201000000 1.067079736415 0.033499155625 1.075721949277
778997.000000000000 10.001000000000 1.001833731694 -0.008775510204 0.002653061224 3.000201000000 1.122131801892 0.033067703553 1.115173291472
779018.000000000000 10.001000000000 1.001425568429 -0.008367346939 0.002653061224 3.000201000000 1.330055496093 0.029169888462 1.325420431487
779043.000000000000 10.001000000000 1.001425568429 -0.007959183673 0.002653061224 3.000201000000 1.129762235503 0.026012079374 1.122320270424
779071.000000000000 10.001000000000 1.001425568429 -0.007551020408 0.002653061224 3.000201000000 1.265168584304 0.022026480035 1.255770875894
779102.000000000000 10.001000000000 1.001425568429 -0.007142857143 0.002653061224 3.000201000000 1.060455135758 0.016980030022 1.070038824651
779756.000000000000 10.001000000000 0.994078629653 -0.000612244898 0.002653061224 3.000201000000 1.392503554005 1.391631608589 0.004763559570
779806.000000000000 10.001000000000 0.994894956184 -0.000204081633 0.002653061224 3.000201000000 1.346523039446 1.344328441857 0.004843317597
779879.000000000000 10.001000000000 1.005099037816 0.000204081633 0.002653061224 3.000201000000 1.325107052307 1.322996513832 0.004688501151
779929.000000000000 10.001000000000 1.005915364347 0.000612244898 0.002653061224 3.000201000000 1.374804861594 1.375613376157 0.004602451800
780583.000000000000 10.001000000000 0.998568425571 0.007142857143 0.002653061224 3.000201000000 1.111155006201 0.016814627973 1.120266479301
780614.000000000000 10.001000000000 0.998568425571 0.007551020408 0.002653061224 3.000201000000 1.220379727567 0.021790617326 1.211002601056
780642.000000000000 10.001000000000 0.998568425571 0.007959183673 0.002653061224 3.000201000000 1.082608025367 0.025803682182 1.074982883690
780667.000000000000 10.001000000000 0.998568425571 0.008367346939 0.002653061224 3.000201000000 1.268312274355 0.029051027293 1.263175667043
780688.000000000000 10.001000000000 0.998160262306 0.008775510204 0.002653061224 3.000201000000 1.025812501322 0.033038405612 1.018393598985
780689.000000000000 10.001000000000 0.998568425571 0.008775510204 0.002653061224 3.000201000000 1.140289949559 0.033427503523 1.149068171476
780745.000000000000 10.001000000000 1.001425568429 -0.008775510204 0.003061224490 3.000201000000 1.242507454430 0.043712147827 1.255808998165
780746.000000000000 10.001000000000 1.001833731694 -0.008775510204 0.003061224490 3.000201000000 1.090462992473 0.044244734647 1.077474208248
780765.000000000000 10.001000000000 1.001425568429 -0.008367346939 0.003061224490 3.000201000000 1.106340278278 0.038927451627 1.096339704716
780816.000000000000 10.001000000000 1.001425568429 -0.007551020408 0.003061224490 3.000201000000 1.068230058482 0.030207910731 1.053970378490
780845.000000000000 10.001000000000 1.001425568429 -0.007142857143 0.003061224490 3.000201000000 1.148034836631 0.022272670634 1.159055990603
780910.000000000000 10.001000000000 1.001833731694 -0.006326530612 0.003061224490 3.000201000000 1.340047844884 0.014143627301 1.334744624382
782227.000000000000 10.001000000000 0.998160262306 0.006326530612 0.003061224490 3.000201000000 1.274511771388 0.014208458131 1.269124706876
782292.000000000000 10.001000000000 0.998568425571 0.007142857143 0.003061224490 3.000201000000 1.157791102474 0.021941434796 1.168356077250
782321.000000000000 10.001000000000 0.998568425571 0.007551020408 0.003061224490 3.000201000000 1.057898606130 0.029726924890 1.043957209983
782372.000000000000 10.001000000000 0.998568425571 0.008367346939 0.003061224490 3.000201000000 1.065983615672 0.038661585592 1.055288825683
782392.000000000000 10.001000000000 0.998568425571 0.008775510204 0.003061224490 3.000201000000 1.314894319597 0.043472791854 1.328157228806
782438.000000000000 10.001000000000 1.001425568429 -0.008775510204 0.003469387755 3.000201000000 1.390505908628 0.052797148249 1.370178032316
782439.000000000000 10.001000000000 1.001833731694 -0.008775510204 0.003469387755 3.000201000000 1.102561521692 0.055830394849 1.077870357433
782440.000000000000 10.001000000000 1.002241894959 -0.008775510204 0.003469387755 3.000201000000 1.029639433969 0.061535029923 0.999232387402
782441.000000000000 10.001000000000 1.002650058224 -0.008775510204 0.003469387755 3.000201000000 1.093132974247 0.072349670537 1.053880114719
782455.000000000000 10.001000000000 1.001017405163 -0.008367346939 0.003469387755 3.000201000000 1.070272623582 0.043128791057 1.089841945945
782533.000000000000 10.001000000000 1.001425568429 -0.007142857143 0.003469387755 3.000201000000 1.351240923725 0.025778082331 1.360726287121
783964.000000000000 10.001000000000 0.998568425571 0.007142857143 0.003469387755 3.000201000000 1.315373342572 0.025243677980 1.324542220498
784042.000000000000 10.001000000000 0.998976588837 0.008367346939 0.003469387755 3.000201000000 1.060596914238 0.042303976478 1.080110842413
784058.000000000000 10.001000000000 0.998160262306 0.008775510204 0.003469387755 3.000201000000 1.014305117686 0.055445595553 0.988581351841
784059.000000000000 10.001000000000 0.998568425571 0.008775510204 0.003469387755 3.000201000000 1.325511227336 0.052409283433 1.303986056430
784094.000000000000 10.001000000000 1.001017405163 -0.008775510204 0.003877551020 3.000201000000 1.201243296360 0.057484418639 1.234564962622
784095.000000000000 10.001000000000 1.001425568429 -0.008775510204 0.003877551020 3.000201000000 1.329118961520 0.065627715951 1.292500223782
784096.000000000000 10.001000000000 1.001833731694 -0.008775510204 0.003877551020 3.000201000000 1.246355507703 0.073919280755 1.202392136096
784110.000000000000 10.001000000000 1.001017405163 -0.008367346939 0.003877551020 3.000201000000 1.413603551999 0.047374955707 1.391728666335
784130.000000000000 10.001000000000 1.001017405163 -0.007959183673 0.003877551020 3.000201000000 1.325795381541 0.037404870223 1.341533145351
784182.000000000000 10.001000000000 1.001425568429 -0.007142857143 0.003877551020 3.000201000000 1.262357339095 0.025578843370 1.256383370203
785571.000000000000 10.001000000000 0.998568425571 0.007142857143 0.003877551020 3.000201000000 1.327984926758 0.024955137435 1.322946139604
785623.000000000000 10.001000000000 0.998976588837 0.007959183673 0.003877551020 3.000201000000 1.272517387539 0.036200593287 1.287916006688
785643.000000000000 10.001000000000 0.998976588837 0.008367346939 0.003877551020 3.000201000000 1.398692233065 0.046234363367 1.408458487803
785657.000000000000 10.001000000000 0.998160262306 0.008775510204 0.003877551020 3.000201000000 1.150541577286 0.073104627404 1.104863755021
785658.000000000000 10.001000000000 0.998568425571 0.008775510204 0.003877551020 3.000201000000 1.267987248748 0.064833067758 1.230315244927
785659.000000000000 10.001000000000 0.998976588837 0.008775510204 0.003877551020 3.000201000000 1.213509655436 0.056287531299 1.246115602677
785680.000000000000 10.001000000000 1.001017405163 -0.008775510204 0.004285714286 3.000201000000 1.269703185201 0.077156472634 1.323273795798
785693.000000000000 10.001000000000 1.001017405163 -0.008367346939 0.004285714286 3.000201000000 1.381590381922 0.058647853824 1.344419232175
785694.000000000000 10.001000000000 1.001425568429 -0.008367346939 0.004285714286 3.000201000000 1.195085633683 0.077109754820 1.139053297946
785695.000000000000 10.001000000000 1.001833731694 -0.008367346939 0.004285714286 3.000201000000 1.166337458813 0.089426970918 1.100328460716
785696.000000000000 10.001000000000 1.002241894959 -0.008367346939 0.004285714286 3.000201000000 1.237974964587 0.097698732241 1.168894967552
785697.000000000000 10.001000000000 1.002650058224 -0.008367346939 0.004285714286 3.000201000000 1.401970405550 0.106066283585 1.334553836817
785711.000000000000 10.001000000000 1.001017405163 -0.007959183673 0.004285714286 3.000201000000 1.395894492667 0.038710828139 1.374494009832
785712.000000000000 10.001000000000 1.001425568429 -0.007959183673 0.004285714286 3.000201000000 1.060419086023 0.062049518529 1.013953885563
785716.000000000000 10.001000000000 1.003058221490 -0.007959183673 0.004285714286 3.000201000000 1.085755524289 0.093579910699 1.019785513114
785717.000000000000 10.001000000000 1.003466384755 -0.007959183673 0.004285714286 3.000201000000 1.269487749875 0.101242786849 1.206114456118
785733.000000000000 10.001000000000 1.001017405163 -0.007551020408 0.004285714286 3.000201000000 1.012449205100 0.019697267849 1.016770118683
785734.000000000000 10.001000000000 1.001425568429 -0.007551020408 0.004285714286 3.000201000000 1.060574919162 0.041290750006 1.032016544438
785760.000000000000 10.001000000000 1.001425568429 -0.007142857143 0.004285714286 3.000201000000 1.292375628882 0.017928274989 1.289085058177
787121.000000000000 10.001000000000 0.998568425571 0.007142857143 0.004285714286 3.000201000000 1.341760830536 0.017170785787 1.340110375687
787147.000000000000 10.001000000000 0.998568425571 0.007551020408 0.004285714286 3.000201000000 1.064346574417 0.038958218546 1.038045017731
787164.000000000000 10.001000000000 0.996527609245 0.007959183673 0.004285714286 3.000201000000 1.123727167775 0.100313773918 1.056352926576
787169.000000000000 10.001000000000 0.998568425571 0.007959183673 0.004285714286 3.000201000000 1.045531824153 0.060113689113 1.000476365911
787170.000000000000 10.001000000000 0.998976588837 0.007959183673 0.004285714286 3.000201000000 1.402609771690 0.036322217537 1.406655518783
787184.000000000000 10.001000000000 0.997343935776 0.008367346939 0.004285714286 3.000201000000 1.270704535398 0.105405049570 1.198061892614
787185.000000000000 10.001000000000 0.997752099041 0.008367346939 0.004285714286 3.000201000000 1.140367072252 0.097387694348 1.068140448896
787186.000000000000 10.001000000000 0.998160262306 0.008367346939 0.004285714286 3.000201000000 1.099358346919 0.088831526142 1.031790044546
787187.000000000000 10.001000000000 0.998568425571 0.008367346939 0.004285714286 3.000201000000 1.158093106395 0.075654057634 1.102213979524
787188.000000000000 10.001000000000 0.998976588837 0.008367346939 0.004285714286 3.000201000000 1.382628775815 0.056196349750 1.347270969140
787201.000000000000 10.001000000000 0.998976588837 0.008775510204 0.004285714286 3.000201000000 1.292178001518 0.074621453953 1.343311017764
787222.000000000000 10.001000000000 1.001017405163 -0.008367346939 0.004693877551 3.000201000000 1.211266532459 0.098662211362 1.287596855731
787223.000000000000 10.001000000000 1.001425568429 -0.008367346939 0.004693877551 3.000201000000 1.246366706772 0.129062267746 1.343862571155
787224.000000000000 10.001000000000 1.001833731694 -0.008367346939 0.004693877551 3.000201000000 1.160380428804 0.143235670308 1.272748819237
787238.000000000000 10.001000000000 1.001017405163 -0.007959183673 0.004693877551 3.000201000000 1.203028857696 0.062856906582 1.252058733709
787239.000000000000 10.001000000000 1.001425568429 -0.007959183673 0.004693877551 3.000201000000 1.334219646188 0.108987269969 1.412871976734
787240.000000000000 10.001000000000 1.001833731694 -0.007959183673 0.004693877551 3.000201000000 1.330075725708 0.132824009368 1.402853785230
787241.000000000000 10.001000000000 1.002241894959 -0.007959183673 0.004693877551 3.000201000000 1.228475017840 0.137051003947 1.332065138443
787242.000000000000 10.001000000000 1.002650058224 -0.007959183673 0.004693877551 3.000201000000 1.022531130735 0.132545701629 1.130769395443
787259.000000000000 10.001000000000 1.001425568429 -0.007551020408 0.004693877551 3.000201000000 1.314667192453 0.075255338252 1.370193848550
787260.000000000000 10.001000000000 1.001833731694 -0.007551020408 0.004693877551 3.000201000000 1.387375253128 0.123169255052 1.352751502604
787261.000000000000 10.001000000000 1.002241894959 -0.007551020408 0.004693877551 3.000201000000 1.374009683351 0.139751450301 1.354564276446
787262.000000000000 10.001000000000 1.002650058224 -0.007551020408 0.004693877551 3.000201000000 1.299122646942 0.134293095062 1.396439182412
787263.000000000000 10.001000000000 1.003058221490 -0.007551020408 0.004693877551 3.000201000000 1.159419775820 0.121442379251 1.251903220619
787283.000000000000 10.001000000000 1.001425568429 -0.007142857143 0.004693877551 3.000201000000 1.150046360740 0.021906456827 1.167897157873
787284.000000000000 10.001000000000 1.001833731694 -0.007142857143 0.004693877551 3.000201000000 1.350859439681 0.092635458501 1.410746982551
787285.000000000000 10.001000000000 1.002241894959 -0.007142857143 0.004693877551 3.000201000000 1.400280823194 0.141153236465 1.325820144691
787286.000000000000 10.001000000000 1.002650058224 -0.007142857143 0.004693877551 3.000201000000 1.407548784912 0.148038648686 1.313503986615
787287.000000000000 10.001000000000 1.003058221490 -0.007142857143 0.004693877551 3.000201000000 1.399795020719 0.132080763547 1.304567195256
787288.000000000000 10.001000000000 1.003466384755 -0.007142857143 0.004693877551 3.000201000000 1.271405164845 0.111570166271 1.189041937573
787311.000000000000 10.001000000000 1.001833731694 -0.006734693878 0.004693877551 3.000201000000 1.223386024491 0.032340588866 1.248606975631
787312.000000000000 10.001000000000 1.002241894959 -0.006734693878 0.004693877551 3.000201000000 1.345135646313 0.115722317112 1.399760568984
787313.000000000000 10.001000000000 1.002650058224 -0.006734693878 0.004693877551 3.000201000000 1.398723728360 0.160567331066 1.312719462829
787314.000000000000 10.001000000000 1.003058221490 -0.006734693878 0.004693877551 3.000201000000 1.357207186497 0.154199754902 1.240618196953
787315.000000000000 10.001000000000 1.003466384755 -0.006734693878 0.004693877551 3.000201000000 1.098375642179 0.127347190663 0.992398094177
787341.000000000000 10.001000000000 1.002241894959 -0.006326530612 0.004693877551 3.000201000000 1.242600128000 0.048919357009 1.280001298611
787342.000000000000 10.001000000000 1.002650058224 -0.006326530612 0.004693877551 3.000201000000 1.326267807317 0.143591520336 1.397951584898
787343.000000000000 10.001000000000 1.003058221490 -0.006326530612 0.004693877551 3.000201000000 1.412387099531 0.177034745877 1.285513971850
787344.000000000000 10.001000000000 1.003466384755 -0.006326530612 0.004693877551 3.000201000000 1.195503268046 0.154711647648 1.068676986515
787373.000000000000 10.001000000000 1.002650058224 -0.005918367347 0.004693877551 3.000201000000 1.239859132551 0.072843952022 1.295474947161
787374.000000000000 10.001000000000 1.003058221490 -0.005918367347 0.004693877551 3.000201000000 1.323564079994 0.173175486113 1.379220902729
787375.000000000000 10.001000000000 1.003466384755 -0.005918367347 0.004693877551 3.000201000000 1.341733976190 0.185764076879 1.198243880734
787407.000000000000 10.001000000000 1.003058221490 -0.005510204082 0.004693877551 3.000201000000 1.246764594499 0.105672049932 1.327013285380
787408.000000000000 10.001000000000 1.003466384755 -0.005510204082 0.004693877551 3.000201000000 1.373057082270 0.199008742294 1.310414899010
787443.000000000000 10.001000000000 1.003466384755 -0.005102040816 0.004693877551 3.000201000000 1.299845163016 0.148328780702 1.408577552183
787444.000000000000 10.001000000000 1.003874548020 -0.005102040816 0.004693877551 3.000201000000 1.306095106460 0.214209799769 1.136366756917
787479.000000000000 10.001000000000 1.003466384755 -0.004693877551 0.004693877551 3.000201000000 1.355751515929 0.064495414545 1.310822135824
787480.000000000000 10.001000000000 1.003874548020 -0.004693877551 0.004693877551 3.000201000000 1.394573265397 0.196169631968 1.247468440291
787517.000000000000 10.001000000000 1.003874548020 -0.004285714286 0.004693877551 3.000201000000 1.328869289385 0.109061848013 1.246615174237
787518.000000000000 10.001000000000 1.004282711286 -0.004285714286 0.004693877551 3.000201000000 1.134396441425 0.234376197920 0.933613650940
787556.000000000000 10.001000000000 1.004282711286 -0.003877551020 0.004693877551 3.000201000000 1.118588956377 0.181507517978 0.963917149131
788329.000000000000 10.001000000000 0.995711282714 0.003877551020 0.004693877551 3.000201000000 1.141355150089 0.182541054468 0.987131011057
788367.000000000000 10.001000000000 0.995711282714 0.004285714286 0.004693877551 3.000201000000 1.151804489539 0.235568136995 0.951290785220
788368.000000000000 10.001000000000 0.996119445980 0.004285714286 0.004693877551 3.000201000000 1.360950420259 0.107575980307 1.281460180144
788404.000000000000 10.001000000000 0.995711282714 0.004693877551 0.004693877551 3.000201000000 1.000864365785 0.214578168794 0.809315598602
788405.000000000000 10.001000000000 0.996119445980 0.004693877551 0.004693877551 3.000201000000 1.413046730959 0.196595813416 1.269901424422
788406.000000000000 10.001000000000 0.996527609245 0.004693877551 0.004693877551 3.000201000000 1.384220273834 0.063184349154 1.341383575595
788441.000000000000 10.001000000000 0.996119445980 0.005102040816 0.004693877551 3.000201000000 1.323829935454 0.215943449180 1.154251591107
788442.000000000000 10.001000000000 0.996527609245 0.005102040816 0.004693877551 3.000201000000 1.278539805184 0.146684722136 1.387401605635
788477.000000000000 10.001000000000 0.996527609245 0.005510204082 0.004693877551 3.000201000000 1.361189682744 0.200587021152 1.321495363774
788478.000000000000 10.001000000000 0.996935772510 0.005510204082 0.004693877551 3.000201000000 1.228525917676 0.102513277468 1.307052564951
788510.000000000000 10.001000000000 0.996527609245 0.005918367347 0.004693877551 3.000201000000 1.346369851159 0.188792436217 1.200780773315
788511.000000000000 10.001000000000 0.996935772510 0.005918367347 0.004693877551 3.000201000000 1.319029424329 0.173240937734 1.383570439863
788512.000000000000 10.001000000000 0.997343935776 0.005918367347 0.004693877551 3.000201000000 1.227246184496 0.068924991832 1.280070407553
788541.000000000000 10.001000000000 0.996527609245 0.006326530612 0.004693877551 3.000201000000 1.184658243089 0.157803775580 1.054397810693
788542.000000000000 10.001000000000 0.996935772510 0.006326530612 0.004693877551 3.000201000000 1.410086016300 0.179566416710 1.277075875197
788543.000000000000 10.001000000000 0.997343935776 0.006326530612 0.004693877551 3.000201000000 1.328528351692 0.141805196196 1.397088048012
788544.000000000000 10.001000000000 0.997752099041 0.006326530612 0.004693877551 3.000201000000 1.234307816739 0.044651660615 1.268421776628
788570.000000000000 10.001000000000 0.996527609245 0.006734693878 0.004693877551 3.000201000000 1.051662574504 0.129870930396 0.941092690559
788571.000000000000 10.001000000000 0.996935772510 0.006734693878 0.004693877551 3.000201000000 1.332028489535 0.157217556266 1.211189381993
788572.000000000000 10.001000000000 0.997343935776 0.006734693878 0.004693877551 3.000201000000 1.414029496344 0.161742004801 1.295473239182
788573.000000000000 10.001000000000 0.997752099041 0.006734693878 0.004693877551 3.000201000000 1.352594754009 0.112332421748 1.394964065108
788574.000000000000 10.001000000000 0.998160262306 0.006734693878 0.004693877551 3.000201000000 1.213010679267 0.027839131382 1.234731645683
788597.000000000000 10.001000000000 0.996527609245 0.007142857143 0.004693877551 3.000201000000 1.136410184197 0.113433276236 1.046072273078
788598.000000000000 10.001000000000 0.996935772510 0.007142857143 0.004693877551 3.000201000000 1.334827725908 0.134671297217 1.233355846324
788599.000000000000 10.001000000000 0.997343935776 0.007142857143 0.004693877551 3.000201000000 1.382902043233 0.150243867482 1.271076154254
788600.000000000000 10.001000000000 0.997752099041 0.007142857143 0.004693877551 3.000201000000 1.405350331729 0.140689164324 1.301932666886
788601.000000000000 10.001000000000 0.998160262306 0.007142857143 0.004693877551 3.000201000000 1.360450659108 0.088087990654 1.404707486242
788602.000000000000 10.001000000000 0.998568425571 0.007142857143 0.004693877551 3.000201000000 1.126830595242 0.017292541670 1.141075105590
788621.000000000000 10.001000000000 0.996527609245 0.007551020408 0.004693877551 3.000201000000 1.116628108402 0.112153225215 1.200180245127
788622.000000000000 10.001000000000 0.996935772510 0.007551020408 0.004693877551 3.000201000000 1.296435522704 0.123354039996 1.384547720115
788623.000000000000 10.001000000000 0.997343935776 0.007551020408 0.004693877551 3.000201000000 1.378721602684 0.136425790676 1.353039808505
788624.000000000000 10.001000000000 0.997752099041 0.007551020408 0.004693877551 3.000201000000 1.407675303803 0.140775025168 1.304917779222
788625.000000000000 10.001000000000 0.998160262306 0.007551020408 0.004693877551 3.000201000000 1.413848019049 0.121163966942 1.326678320193
788626.000000000000 10.001000000000 0.998568425571 0.007551020408 0.004693877551 3.000201000000 1.320790993330 0.070026066766 1.372308353638
788643.000000000000 10.001000000000 0.997343935776 0.007959183673 0.004693877551 3.000201000000 1.156360144163 0.134108204242 1.260404529786
788644.000000000000 10.001000000000 0.997752099041 0.007959183673 0.004693877551 3.000201000000 1.316565304874 0.138346062724 1.412260880151
788645.000000000000 10.001000000000 0.998160262306 0.007959183673 0.004693877551 3.000201000000 1.381364989038 0.132480700156 1.352455905259
788646.000000000000 10.001000000000 0.998568425571 0.007959183673 0.004693877551 3.000201000000 1.359008038613 0.105579944761 1.394105488566
788647.000000000000 10.001000000000 0.998976588837 0.007959183673 0.004693877551 3.000201000000 1.194653942538 0.057153939372 1.239383286438
788661.000000000000 10.001000000000 0.998160262306 0.008367346939 0.004693877551 3.000201000000 1.245749040960 0.143245765786 1.353468405330
788662.000000000000 10.001000000000 0.998568425571 0.008367346939 0.004693877551 3.000201000000 1.294770199580 0.127043034666 1.388200557895
788663.000000000000 10.001000000000 0.998976588837 0.008367346939 0.004693877551 3.000201000000 1.224972785123 0.093801821720 1.297069660526
789076.000000000000 10.001000000000 1.004690874551 -0.003061224490 0.005102040816 3.000201000000 1.159539128576 0.149708754533 1.037236543497
789116.000000000000 10.001000000000 1.004690874551 -0.002653061224 0.005102040816 3.000201000000 1.196830717427 0.160188991797 1.067239585266
789156.000000000000 10.001000000000 1.004690874551 -0.002244897959 0.005102040816 3.000201000000 1.006710886140 0.108139646960 0.916088456670
789633.000000000000 10.001000000000 0.995303119449 0.002653061224 0.005102040816 3.000201000000 1.198920036954 0.162395788393 1.067585038882
789673.000000000000 10.001000000000 0.995303119449 0.003061224490 0.005102040816 3.000201000000 1.162353336803 0.144085855304 1.045187820191
790516.000000000000 10.001000000000 1.004690874551 -0.002244897959 0.005510204082 3.000201000000 1.394205585625 0.301379192575 1.211278312537
790556.000000000000 10.001000000000 1.004690874551 -0.001836734694 0.005510204082 3.000201000000 1.393155319400 0.103833057925 1.317250145609
790596.000000000000 10.001000000000 1.004690874551 -0.001428571429 0.005510204082 3.000201000000 1.329218708801 0.050157875581 1.292286393369
790853.000000000000 10.001000000000 0.995303119449 0.001428571429 0.005510204082 3.000201000000 1.126219367656 0.062047234132 1.075439015044
790893.000000000000 10.001000000000 0.995303119449 0.001836734694 0.005510204082 3.000201000000 1.303200376964 0.117151385150 1.212975014110
791940.000000000000 10.001000000000 1.004690874551 -0.000612244898 0.005918367347 3.000201000000 1.023672234044 0.701174576484 0.365705799920
792037.000000000000 10.001000000000 0.995303119449 0.000612244898 0.005918367347 3.000201000000 1.087398078902 0.820107997211 0.314440680785
793133.000000000000 10.001000000000 0.995711282714 -0.000204081633 0.006326530612 3.000201000000 1.108945451795 1.022156786257 0.102719049454
793192.000000000000 10.001000000000 1.004282711286 0.000204081633 0.006326530612 3.000201000000 1.311616520635 1.375108722480 0.088042190980
