253731.000000000000 10.001000000000 1.004282711286 0.001020408163 -0.005510204082 3.000201000000 1.349103095174 1.197293341354 0.206675596791
253810.000000000000 10.001000000000 1.003874548020 0.001836734694 -0.005510204082 3.000201000000 1.256906236461 0.991021182644 0.329086279219
253998.000000000000 10.001000000000 1.002241894959 0.003877551020 -0.005510204082 3.000201000000 1.050550837142 0.462007283994 1.413396052220
254750.000000000000 10.001000000000 1.003874548020 -0.002244897959 -0.005102040816 3.000201000000 1.145709517878 0.204447119749 1.303701555768
256177.000000000000 10.001000000000 1.003874548020 -0.002244897959 -0.004693877551 3.000201000000 1.034391451969 0.092200650696 0.961415723288
256481.000000000000 10.001000000000 1.005099037816 0.000612244898 -0.004693877551 3.000201000000 1.262411840457 1.255564862423 0.014602476869
256499.000000000000 10.001000000000 0.994894956184 0.001020408163 -0.004693877551 3.000201000000 1.333115756363 0.178255766808 1.196897675151
256523.000000000000 10.001000000000 1.004690874551 0.001020408163 -0.004693877551 3.000201000000 1.406643309690 1.384412137593 0.058305310661
256947.000000000000 10.001000000000 1.000609241898 0.005510204082 -0.004693877551 3.000201000000 1.341643188329 0.085342197509 1.277241969125
257547.000000000000 10.001000000000 1.003466384755 -0.003469387755 -0.004285714286 3.000201000000 1.150684921651 0.268240252604 0.922951177240
257588.000000000000 10.001000000000 1.003466384755 -0.003061224490 -0.004285714286 3.000201000000 1.309206301544 0.132691901737 1.209121912628
257822.000000000000 10.001000000000 0.993262303122 -0.000612244898 -0.004285714286 3.000201000000 1.331205751631 1.382330288548 0.159398929446
257823.000000000000 10.001000000000 0.993670466388 -0.000612244898 -0.004285714286 3.000201000000 1.328151760069 1.236998404235 0.119890668480
257824.000000000000 10.001000000000 0.994078629653 -0.000612244898 -0.004285714286 3.000201000000 1.367445877939 1.312348815800 0.075141191808
257865.000000000000 10.001000000000 0.992854139857 -0.000204081633 -0.004285714286 3.000201000000 1.020280718163 1.135072225769 0.139574018971
257866.000000000000 10.001000000000 0.993262303122 -0.000204081633 -0.004285714286 3.000201000000 1.268701195620 1.347239780584 0.110847435071
257867.000000000000 10.001000000000 0.993670466388 -0.000204081633 -0.004285714286 3.000201000000 1.346713338240 1.282246895366 0.093740079500
257868.000000000000 10.001000000000 0.994078629653 -0.000204081633 -0.004285714286 3.000201000000 1.217897086068 1.163398820348 0.075077582709
257869.000000000000 10.001000000000 0.994486792918 -0.000204081633 -0.004285714286 3.000201000000 1.224600444868 1.201501722571 0.036103724032
257870.000000000000 10.001000000000 0.994894956184 -0.000204081633 -0.004285714286 3.000201000000 1.354301474977 1.329363546865 0.034627220782
257895.000000000000 10.001000000000 1.005099037816 -0.000204081633 -0.004285714286 3.000201000000 1.058789458408 1.005146840235 0.063605151896
257896.000000000000 10.001000000000 1.005507201082 -0.000204081633 -0.004285714286 3.000201000000 1.100702028753 1.114668983049 0.032287621832
257939.000000000000 10.001000000000 1.005099037816 0.000204081633 -0.004285714286 3.000201000000 1.399865025013 1.385730411892 0.060703115675
257940.000000000000 10.001000000000 1.005507201082 0.000204081633 -0.004285714286 3.000201000000 1.226543234532 1.213546078724 0.029591568548
257941.000000000000 10.001000000000 1.005915364347 0.000204081633 -0.004285714286 3.000201000000 1.262614570317 1.220378241176 0.064944649618
257942.000000000000 10.001000000000 1.006323527612 0.000204081633 -0.004285714286 3.000201000000 1.397126768153 1.384789695956 0.077724218386
257943.000000000000 10.001000000000 1.006731690878 0.000204081633 -0.004285714286 3.000201000000 1.135272465382 1.198057282267 0.089390573848
257982.000000000000 10.001000000000 1.004690874551 0.000612244898 -0.004285714286 3.000201000000 1.085939294494 1.133033577137 0.058753987846
258132.000000000000 10.001000000000 0.994486792918 0.002244897959 -0.004285714286 3.000201000000 1.151305962355 0.068495241431 1.094734986503
259019.000000000000 10.001000000000 1.002650058224 -0.004285714286 -0.003877551020 3.000201000000 1.035265166229 0.343119728132 1.312176373389
259060.000000000000 10.001000000000 1.003058221490 -0.003877551020 -0.003877551020 3.000201000000 1.180407668244 0.331173381186 0.897576309306
259382.000000000000 10.001000000000 0.992854139857 -0.000612244898 -0.003877551020 3.000201000000 1.281141203192 1.182115005517 0.130768549740
259387.000000000000 10.001000000000 0.994894956184 -0.000612244898 -0.003877551020 3.000201000000 1.038625154426 1.050887583052 0.018245759237
259427.000000000000 10.001000000000 0.992445976592 -0.000204081633 -0.003877551020 3.000201000000 1.303233978551 1.393855237478 0.130569754367
259428.000000000000 10.001000000000 0.992854139857 -0.000204081633 -0.003877551020 3.000201000000 1.133821989688 1.077201409754 0.080997198894
259434.000000000000 10.001000000000 0.995303119449 -0.000204081633 -0.003877551020 3.000201000000 1.405641656577 1.368810117634 0.051813141814
259458.000000000000 10.001000000000 1.005099037816 -0.000204081633 -0.003877551020 3.000201000000 1.373274188586 1.333752667386 0.058259135596
259459.000000000000 10.001000000000 1.005507201082 -0.000204081633 -0.003877551020 3.000201000000 1.227060361195 1.235879677092 0.035344407377
259460.000000000000 10.001000000000 1.005915364347 -0.000204081633 -0.003877551020 3.000201000000 1.320906010053 1.314802482450 0.039986339509
259461.000000000000 10.001000000000 1.006323527612 -0.000204081633 -0.003877551020 3.000201000000 1.226112404691 1.237750005788 0.041559167074
259476.000000000000 10.001000000000 0.993670466388 0.000204081633 -0.003877551020 3.000201000000 1.025431457431 1.037737885897 0.040030364095
259477.000000000000 10.001000000000 0.994078629653 0.000204081633 -0.003877551020 3.000201000000 1.366906458413 1.370384923131 0.039645469753
259478.000000000000 10.001000000000 0.994486792918 0.000204081633 -0.003877551020 3.000201000000 1.317443036454 1.336751482567 0.042094919661
259479.000000000000 10.001000000000 0.994894956184 0.000204081633 -0.003877551020 3.000201000000 1.257635049619 1.190952594752 0.086424005251
259503.000000000000 10.001000000000 1.004690874551 0.000204081633 -0.003877551020 3.000201000000 1.101532615166 1.151832255282 0.061067329196
259509.000000000000 10.001000000000 1.007139854143 0.000204081633 -0.003877551020 3.000201000000 1.027187046821 0.980744015385 0.068407038762
260596.000000000000 10.001000000000 1.002241894959 -0.004693877551 -0.003469387755 3.000201000000 1.373652763687 0.398450939135 1.151384559685
260636.000000000000 10.001000000000 1.002241894959 -0.004285714286 -0.003469387755 3.000201000000 1.105295402906 0.213354349217 1.275694955450
260637.000000000000 10.001000000000 1.002650058224 -0.004285714286 -0.003469387755 3.000201000000 1.036751835834 0.358940741034 0.713175963953
260964.000000000000 10.001000000000 0.992854139857 -0.001020408163 -0.003469387755 3.000201000000 1.012472658900 1.083089702974 0.086829793429
261009.000000000000 10.001000000000 0.992445976592 -0.000612244898 -0.003469387755 3.000201000000 1.396614885289 1.346449416914 0.125407590228
261055.000000000000 10.001000000000 0.992445976592 -0.000204081633 -0.003469387755 3.000201000000 1.115101317436 1.061841585818 0.080437754659
261086.000000000000 10.001000000000 1.005099037816 -0.000204081633 -0.003469387755 3.000201000000 1.337278301623 1.355887271391 0.035206681548
261089.000000000000 10.001000000000 1.006323527612 -0.000204081633 -0.003469387755 3.000201000000 1.150981561958 1.160374525865 0.032614026637
261090.000000000000 10.001000000000 1.006731690878 -0.000204081633 -0.003469387755 3.000201000000 1.355728280441 1.349431864763 0.029981509346
261091.000000000000 10.001000000000 1.007139854143 -0.000204081633 -0.003469387755 3.000201000000 1.105315715386 1.109067601468 0.034162761442
261102.000000000000 10.001000000000 0.992854139857 0.000204081633 -0.003469387755 3.000201000000 1.100539720738 1.106399732363 0.031910576413
261103.000000000000 10.001000000000 0.993262303122 0.000204081633 -0.003469387755 3.000201000000 1.339794690455 1.334621209139 0.028082591973
261104.000000000000 10.001000000000 0.993670466388 0.000204081633 -0.003469387755 3.000201000000 1.179292567666 1.188930784161 0.032639799630
261107.000000000000 10.001000000000 0.994894956184 0.000204081633 -0.003469387755 3.000201000000 1.404579275856 1.372118537413 0.051140515842
261720.000000000000 10.001000000000 1.001425568429 0.005918367347 -0.003469387755 3.000201000000 1.009628120769 0.009098808950 1.015523269659
261754.000000000000 10.001000000000 1.001017405163 0.006326530612 -0.003469387755 3.000201000000 1.105512905670 0.018358715526 1.092045893797
261974.000000000000 10.001000000000 1.001833731694 -0.008367346939 -0.003061224490 3.000201000000 1.182238294714 0.945683751265 0.862766858240
261975.000000000000 10.001000000000 1.002241894959 -0.008367346939 -0.003061224490 3.000201000000 1.259548199944 0.970225741244 0.748087451635
261976.000000000000 10.001000000000 1.002650058224 -0.008367346939 -0.003061224490 3.000201000000 1.257286579622 1.031794219457 0.684705990990
261996.000000000000 10.001000000000 1.001017405163 -0.007959183673 -0.003061224490 3.000201000000 1.299313723050 0.718169786641 0.952595135478
261997.000000000000 10.001000000000 1.001425568429 -0.007959183673 -0.003061224490 3.000201000000 1.359482029270 0.680546886597 0.779451199604
261998.000000000000 10.001000000000 1.001833731694 -0.007959183673 -0.003061224490 3.000201000000 1.234345251523 0.640791547241 0.665604810815
262022.000000000000 10.001000000000 1.000609241898 -0.007551020408 -0.003061224490 3.000201000000 1.262138667320 0.639658503434 1.066388554138
262023.000000000000 10.001000000000 1.001017405163 -0.007551020408 -0.003061224490 3.000201000000 1.378217231893 0.589143963505 0.890267579881
262050.000000000000 10.001000000000 1.000201078633 -0.007142857143 -0.003061224490 3.000201000000 1.028918489184 0.597958672273 1.329131140000
262051.000000000000 10.001000000000 1.000609241898 -0.007142857143 -0.003061224490 3.000201000000 1.294751542477 0.589155338532 1.075451016878
262081.000000000000 10.001000000000 1.000201078633 -0.006734693878 -0.003061224490 3.000201000000 1.004077513551 0.603929326719 1.346061465918
262082.000000000000 10.001000000000 1.000609241898 -0.006734693878 -0.003061224490 3.000201000000 1.211710609726 0.562951312749 1.185994255417
262115.000000000000 10.001000000000 1.000609241898 -0.006326530612 -0.003061224490 3.000201000000 1.069681477762 0.561578759243 1.321959795768
262228.000000000000 10.001000000000 1.001425568429 -0.005102040816 -0.003061224490 3.000201000000 1.255069945495 0.428242697254 1.252739274023
262269.000000000000 10.001000000000 1.001833731694 -0.004693877551 -0.003061224490 3.000201000000 1.235213073815 0.348066467569 0.942842413182
262310.000000000000 10.001000000000 1.001833731694 -0.004285714286 -0.003061224490 3.000201000000 1.369823169973 0.132379182363 1.364470049661
262643.000000000000 10.001000000000 0.992445976592 -0.001020408163 -0.003061224490 3.000201000000 1.033708339738 1.110406824297 0.094868813507
262734.000000000000 10.001000000000 0.992037813327 -0.000204081633 -0.003061224490 3.000201000000 1.365139920074 1.394420729171 0.107931132812
262766.000000000000 10.001000000000 1.005099037816 -0.000204081633 -0.003061224490 3.000201000000 1.127580981665 1.124376901624 0.018965511969
262767.000000000000 10.001000000000 1.005507201082 -0.000204081633 -0.003061224490 3.000201000000 1.035018799344 1.032657408614 0.022691804797
262770.000000000000 10.001000000000 1.006731690878 -0.000204081633 -0.003061224490 3.000201000000 1.288840090210 1.304411684987 0.027151345489
262771.000000000000 10.001000000000 1.007139854143 -0.000204081633 -0.003061224490 3.000201000000 1.286701788432 1.275998645784 0.027246428723
262772.000000000000 10.001000000000 1.007548017408 -0.000204081633 -0.003061224490 3.000201000000 1.086221972049 1.094008178552 0.038050025339
262781.000000000000 10.001000000000 0.992445976592 0.000204081633 -0.003061224490 3.000201000000 1.207362825444 1.215199176302 0.035552586982
262782.000000000000 10.001000000000 0.992854139857 0.000204081633 -0.003061224490 3.000201000000 1.397523084139 1.406731267249 0.024897392956
262783.000000000000 10.001000000000 0.993262303122 0.000204081633 -0.003061224490 3.000201000000 1.116808039608 1.133534372510 0.026734461916
262787.000000000000 10.001000000000 0.994894956184 0.000204081633 -0.003061224490 3.000201000000 1.089328850722 1.076836659793 0.024403687447
262819.000000000000 10.001000000000 1.007956180673 0.000204081633 -0.003061224490 3.000201000000 1.099006855481 1.034946980991 0.091656461772
263442.000000000000 10.001000000000 1.001017405163 0.006326530612 -0.003061224490 3.000201000000 1.120198739127 0.005517132798 1.123447853522
263678.000000000000 10.001000000000 1.001425568429 -0.008367346939 -0.002653061224 3.000201000000 1.143496970281 0.661309866707 1.170473553020
263679.000000000000 10.001000000000 1.001833731694 -0.008367346939 -0.002653061224 3.000201000000 1.371156414617 0.693113768333 0.890592836713
263680.000000000000 10.001000000000 1.002241894959 -0.008367346939 -0.002653061224 3.000201000000 1.384339872517 0.736200216664 0.755799258333
263681.000000000000 10.001000000000 1.002650058224 -0.008367346939 -0.002653061224 3.000201000000 1.408949891012 0.808278211044 0.728990576792
263682.000000000000 10.001000000000 1.003058221490 -0.008367346939 -0.002653061224 3.000201000000 1.212281507594 0.945538672596 0.828706726113
263701.000000000000 10.001000000000 1.000609241898 -0.007959183673 -0.002653061224 3.000201000000 1.372747463857 0.458018446654 1.101616540213
263702.000000000000 10.001000000000 1.001017405163 -0.007959183673 -0.002653061224 3.000201000000 1.145159496226 0.479622470595 0.718706799916
263728.000000000000 10.001000000000 1.000201078633 -0.007551020408 -0.002653061224 3.000201000000 1.400600027414 0.385527366202 1.099278928799
263729.000000000000 10.001000000000 1.000609241898 -0.007551020408 -0.002653061224 3.000201000000 1.094914073672 0.409850816460 0.728914961562
263758.000000000000 10.001000000000 0.999792915367 -0.007142857143 -0.002653061224 3.000201000000 1.213506146176 0.321543118382 1.374037847972
263759.000000000000 10.001000000000 1.000201078633 -0.007142857143 -0.002653061224 3.000201000000 1.232923344944 0.385784555836 0.906104486185
263760.000000000000 10.001000000000 1.000609241898 -0.007142857143 -0.002653061224 3.000201000000 1.018732179681 0.371660549922 0.681313913467
263791.000000000000 10.001000000000 0.999792915367 -0.006734693878 -0.002653061224 3.000201000000 1.311515376002 0.360739633299 1.248620304769
263792.000000000000 10.001000000000 1.000201078633 -0.006734693878 -0.002653061224 3.000201000000 1.253809671794 0.389800986759 0.926085405996
263793.000000000000 10.001000000000 1.000609241898 -0.006734693878 -0.002653061224 3.000201000000 1.061789733614 0.353455732780 0.745633207036
263826.000000000000 10.001000000000 0.999792915367 -0.006326530612 -0.002653061224 3.000201000000 1.234418746428 0.399227591651 1.295593766466
263827.000000000000 10.001000000000 1.000201078633 -0.006326530612 -0.002653061224 3.000201000000 1.368297897375 0.405196609138 1.044413240544
263828.000000000000 10.001000000000 1.000609241898 -0.006326530612 -0.002653061224 3.000201000000 1.178600975037 0.354170933808 0.873852271678
263863.000000000000 10.001000000000 0.999792915367 -0.005918367347 -0.002653061224 3.000201000000 1.058505173166 0.443543571562 1.408170823414
263864.000000000000 10.001000000000 1.000201078633 -0.005918367347 -0.002653061224 3.000201000000 1.290444376700 0.432155865494 1.213220026960
263865.000000000000 10.001000000000 1.000609241898 -0.005918367347 -0.002653061224 3.000201000000 1.331044311213 0.371716187741 1.030425451988
263902.000000000000 10.001000000000 1.000201078633 -0.005510204082 -0.002653061224 3.000201000000 1.066982460016 0.464563336183 1.397943057968
263903.000000000000 10.001000000000 1.000609241898 -0.005510204082 -0.002653061224 3.000201000000 1.338541955502 0.400897483535 1.187742078644
263904.000000000000 10.001000000000 1.001017405163 -0.005510204082 -0.002653061224 3.000201000000 1.179100084180 0.325581777136 0.900390122058
263942.000000000000 10.001000000000 1.000609241898 -0.005102040816 -0.002653061224 3.000201000000 1.135346049753 0.414488952454 1.375923247343
263943.000000000000 10.001000000000 1.001017405163 -0.005102040816 -0.002653061224 3.000201000000 1.303237768001 0.354440016075 1.013877948321
263984.000000000000 10.001000000000 1.001017405163 -0.004693877551 -0.002653061224 3.000201000000 1.328177900728 0.303149415918 1.277111191476
263985.000000000000 10.001000000000 1.001425568429 -0.004693877551 -0.002653061224 3.000201000000 1.005690004585 0.285745644689 0.748423764900
264027.000000000000 10.001000000000 1.001425568429 -0.004285714286 -0.002653061224 3.000201000000 1.072865587215 0.145781900513 0.947389939266
264411.000000000000 10.001000000000 0.992037813327 -0.000612244898 -0.002653061224 3.000201000000 1.335044786723 1.259951715409 0.104192785347
264459.000000000000 10.001000000000 0.992037813327 -0.000204081633 -0.002653061224 3.000201000000 1.170475827423 1.118687535290 0.074061590498
264494.000000000000 10.001000000000 1.006323527612 -0.000204081633 -0.002653061224 3.000201000000 1.232984854766 1.219741570161 0.018907192813
264495.000000000000 10.001000000000 1.006731690878 -0.000204081633 -0.002653061224 3.000201000000 1.304457422983 1.288551791724 0.021514307733
264496.000000000000 10.001000000000 1.007139854143 -0.000204081633 -0.002653061224 3.000201000000 1.253767788531 1.238860173346 0.022408561305
264497.000000000000 10.001000000000 1.007548017408 -0.000204081633 -0.002653061224 3.000201000000 1.148106372845 1.145085801678 0.024655237800
264507.000000000000 10.001000000000 0.992037813327 0.000204081633 -0.002653061224 3.000201000000 1.090774959725 1.124097440501 0.055976744931
264508.000000000000 10.001000000000 0.992445976592 0.000204081633 -0.002653061224 3.000201000000 1.361003899420 1.357900069544 0.022585878710
264509.000000000000 10.001000000000 0.992854139857 0.000204081633 -0.002653061224 3.000201000000 1.233497668335 1.248704333351 0.022055528818
264513.000000000000 10.001000000000 0.994486792918 0.000204081633 -0.002653061224 3.000201000000 1.140507695814 1.144680106628 0.013688368151
265440.000000000000 10.001000000000 1.001425568429 -0.008367346939 -0.002244897959 3.000201000000 1.368165519678 0.475383968684 1.092479239632
265441.000000000000 10.001000000000 1.001833731694 -0.008367346939 -0.002244897959 3.000201000000 1.272192636745 0.516117011936 0.831569036195
265442.000000000000 10.001000000000 1.002241894959 -0.008367346939 -0.002244897959 3.000201000000 1.226324559889 0.564723265782 0.730884841906
265443.000000000000 10.001000000000 1.002650058224 -0.008367346939 -0.002244897959 3.000201000000 1.324984557173 0.643255094027 0.773065038623
265444.000000000000 10.001000000000 1.003058221490 -0.008367346939 -0.002244897959 3.000201000000 1.128427441012 0.816959866755 1.046317353214
265464.000000000000 10.001000000000 1.000609241898 -0.007959183673 -0.002244897959 3.000201000000 1.014043318603 0.320039868509 0.727003319697
265554.000000000000 10.001000000000 0.999384752102 -0.006734693878 -0.002244897959 3.000201000000 1.154624522896 0.209808504201 0.977917683333
265588.000000000000 10.001000000000 0.998976588837 -0.006326530612 -0.002244897959 3.000201000000 1.342932700792 0.185711201021 1.351213446774
265589.000000000000 10.001000000000 0.999384752102 -0.006326530612 -0.002244897959 3.000201000000 1.201521781896 0.242547088911 0.998982923344
265590.000000000000 10.001000000000 0.999792915367 -0.006326530612 -0.002244897959 3.000201000000 1.012430376799 0.251295204793 0.788005677886
265625.000000000000 10.001000000000 0.998976588837 -0.005918367347 -0.002244897959 3.000201000000 1.272357850835 0.253380774054 1.369461264624
265626.000000000000 10.001000000000 0.999384752102 -0.005918367347 -0.002244897959 3.000201000000 1.373855205263 0.291135491051 1.147647211896
265627.000000000000 10.001000000000 0.999792915367 -0.005918367347 -0.002244897959 3.000201000000 1.217951739594 0.282202220161 0.981943616344
265628.000000000000 10.001000000000 1.000201078633 -0.005918367347 -0.002244897959 3.000201000000 1.027345502048 0.247398368699 0.807429641810
265664.000000000000 10.001000000000 0.998976588837 -0.005510204082 -0.002244897959 3.000201000000 1.091204939048 0.356491826150 1.372112198141
265665.000000000000 10.001000000000 0.999384752102 -0.005510204082 -0.002244897959 3.000201000000 1.200200383197 0.362123452051 1.356343977502
265666.000000000000 10.001000000000 0.999792915367 -0.005510204082 -0.002244897959 3.000201000000 1.343713254349 0.327909282720 1.241089516079
265667.000000000000 10.001000000000 1.000201078633 -0.005510204082 -0.002244897959 3.000201000000 1.268366617693 0.277717011578 1.041359905707
265706.000000000000 10.001000000000 0.999792915367 -0.005102040816 -0.002244897959 3.000201000000 1.019560234672 0.397683216498 1.340844229220
265707.000000000000 10.001000000000 1.000201078633 -0.005102040816 -0.002244897959 3.000201000000 1.321986945247 0.319839141880 1.270184792087
265708.000000000000 10.001000000000 1.000609241898 -0.005102040816 -0.002244897959 3.000201000000 1.119920844050 0.255214463577 0.899327562772
265748.000000000000 10.001000000000 1.000201078633 -0.004693877551 -0.002244897959 3.000201000000 1.083714748268 0.372790985688 1.377457429972
265749.000000000000 10.001000000000 1.000609241898 -0.004693877551 -0.002244897959 3.000201000000 1.282853613301 0.286898790682 1.049655373408
265791.000000000000 10.001000000000 1.000609241898 -0.004285714286 -0.002244897959 3.000201000000 1.316843173412 0.266798160352 1.316737457212
265824.000000000000 10.001000000000 0.996527609245 -0.003877551020 -0.002244897959 3.000201000000 1.020451338528 0.208547101202 0.852104812362
266135.000000000000 10.001000000000 0.992037813327 -0.001020408163 -0.002244897959 3.000201000000 1.215409916592 1.140247839341 0.095380118813
266230.000000000000 10.001000000000 0.991629650061 -0.000204081633 -0.002244897959 3.000201000000 1.049023981667 1.148170456193 0.122573778314
266269.000000000000 10.001000000000 1.007548017408 -0.000204081633 -0.002244897959 3.000201000000 1.111843019838 1.104192890190 0.014168692080
266270.000000000000 10.001000000000 1.007956180673 -0.000204081633 -0.002244897959 3.000201000000 1.009323897913 1.030792720138 0.034753704299
266279.000000000000 10.001000000000 0.992037813327 0.000204081633 -0.002244897959 3.000201000000 1.169712854293 1.189396085921 0.034155134611
266280.000000000000 10.001000000000 0.992445976592 0.000204081633 -0.002244897959 3.000201000000 1.404878618847 1.397582930598 0.013927180336
266281.000000000000 10.001000000000 0.992854139857 0.000204081633 -0.002244897959 3.000201000000 1.276291950851 1.290486188170 0.018551847639
266282.000000000000 10.001000000000 0.993262303122 0.000204081633 -0.002244897959 3.000201000000 1.364640966337 1.374844025362 0.016556204355
267028.000000000000 10.001000000000 1.000609241898 0.007142857143 -0.002244897959 3.000201000000 1.021967547187 0.070903428074 0.973674760303
267236.000000000000 10.001000000000 1.001833731694 -0.008367346939 -0.001836734694 3.000201000000 1.121307871492 0.449192311730 0.723658426855
267237.000000000000 10.001000000000 1.002241894959 -0.008367346939 -0.001836734694 3.000201000000 1.114802941401 0.501341323577 0.665604576246
267238.000000000000 10.001000000000 1.002650058224 -0.008367346939 -0.001836734694 3.000201000000 1.267070003717 0.588170103801 0.757816407356
267259.000000000000 10.001000000000 1.000201078633 -0.007959183673 -0.001836734694 3.000201000000 1.052440550963 0.254178940685 0.833491309230
267387.000000000000 10.001000000000 0.998568425571 -0.006326530612 -0.001836734694 3.000201000000 1.123050768257 0.124697220391 1.021620027315
267423.000000000000 10.001000000000 0.998160262306 -0.005918367347 -0.001836734694 3.000201000000 1.380574257963 0.112225335549 1.299053583791
267424.000000000000 10.001000000000 0.998568425571 -0.005918367347 -0.001836734694 3.000201000000 1.196693081569 0.148248144953 1.075471714368
267425.000000000000 10.001000000000 0.998976588837 -0.005918367347 -0.001836734694 3.000201000000 1.095592205316 0.165633948746 0.953911297730
267461.000000000000 10.001000000000 0.997752099041 -0.005510204082 -0.001836734694 3.000201000000 1.207082392128 0.104351330905 1.288132159440
267462.000000000000 10.001000000000 0.998160262306 -0.005510204082 -0.001836734694 3.000201000000 1.301957925098 0.164440935920 1.406027512051
267463.000000000000 10.001000000000 0.998568425571 -0.005510204082 -0.001836734694 3.000201000000 1.289598562235 0.203795607413 1.389340155877
267464.000000000000 10.001000000000 0.998976588837 -0.005510204082 -0.001836734694 3.000201000000 1.266366499707 0.214342492687 1.403393142999
267465.000000000000 10.001000000000 0.999384752102 -0.005510204082 -0.001836734694 3.000201000000 1.316090217406 0.202115807166 1.365469654043
267501.000000000000 10.001000000000 0.997343935776 -0.005102040816 -0.001836734694 3.000201000000 1.006893893022 0.096766533489 1.089323435071
267638.000000000000 10.001000000000 1.000609241898 -0.003877551020 -0.001836734694 3.000201000000 1.089039780290 0.189597659707 0.925630623959
267990.000000000000 10.001000000000 0.991629650061 -0.000612244898 -0.001836734694 3.000201000000 1.303641704109 1.387067407106 0.113847046725
268038.000000000000 10.001000000000 0.991629650061 -0.000204081633 -0.001836734694 3.000201000000 1.316098115674 1.387681846525 0.098748201068
268077.000000000000 10.001000000000 1.007548017408 -0.000204081633 -0.001836734694 3.000201000000 1.001076622505 0.991416211367 0.011736137692
268078.000000000000 10.001000000000 1.007956180673 -0.000204081633 -0.001836734694 3.000201000000 1.040290828739 1.052972032462 0.016756433965
268087.000000000000 10.001000000000 0.992037813327 0.000204081633 -0.001836734694 3.000201000000 1.198990585305 1.210470918642 0.016448379548
268088.000000000000 10.001000000000 0.992445976592 0.000204081633 -0.001836734694 3.000201000000 1.355179362538 1.346397278526 0.012626448202
268089.000000000000 10.001000000000 0.992854139857 0.000204081633 -0.001836734694 3.000201000000 1.047254699134 1.037871796965 0.018386685894
268127.000000000000 10.001000000000 1.008364343939 0.000204081633 -0.001836734694 3.000201000000 1.197372503099 1.127041466853 0.088598804023
268847.000000000000 10.001000000000 1.000609241898 0.007142857143 -0.001836734694 3.000201000000 1.335329437488 0.081002651037 1.284664857388
269066.000000000000 10.001000000000 1.001833731694 -0.008367346939 -0.001428571429 3.000201000000 1.030406717809 0.463578668475 0.612520560162
269067.000000000000 10.001000000000 1.002241894959 -0.008367346939 -0.001428571429 3.000201000000 1.039218492572 0.528805336513 0.557593648113
269117.000000000000 10.001000000000 0.999384752102 -0.007551020408 -0.001428571429 3.000201000000 1.002290644780 0.191592925331 0.844972710613
269219.000000000000 10.001000000000 0.998160262306 -0.006326530612 -0.001428571429 3.000201000000 1.190737744682 0.103871462931 1.116779914309
269256.000000000000 10.001000000000 0.997752099041 -0.005918367347 -0.001428571429 3.000201000000 1.326032537156 0.083997756249 1.379180641461
269257.000000000000 10.001000000000 0.998160262306 -0.005918367347 -0.001428571429 3.000201000000 1.188266203171 0.081824659915 1.127914318175
269258.000000000000 10.001000000000 0.998568425571 -0.005918367347 -0.001428571429 3.000201000000 1.089796185579 0.083658865660 1.023848549423
269259.000000000000 10.001000000000 0.998976588837 -0.005918367347 -0.001428571429 3.000201000000 1.050652718309 0.084282891074 0.983289611836
269295.000000000000 10.001000000000 0.997752099041 -0.005510204082 -0.001428571429 3.000201000000 1.027702607687 0.076422088933 1.089203940072
269778.000000000000 10.001000000000 0.991629650061 -0.001020408163 -0.001428571429 3.000201000000 1.253648590232 1.170710459294 0.104615641903
269826.000000000000 10.001000000000 0.991629650061 -0.000612244898 -0.001428571429 3.000201000000 1.112793309798 1.029938155755 0.098131294102
269874.000000000000 10.001000000000 0.991629650061 -0.000204081633 -0.001428571429 3.000201000000 1.295378491570 1.232916896919 0.080607214263
269914.000000000000 10.001000000000 1.007956180673 -0.000204081633 -0.001428571429 3.000201000000 1.055915597425 1.062867598620 0.013395088930
269923.000000000000 10.001000000000 0.992037813327 0.000204081633 -0.001428571429 3.000201000000 1.198371192161 1.204811680201 0.012598355078
269924.000000000000 10.001000000000 0.992445976592 0.000204081633 -0.001428571429 3.000201000000 1.186481512012 1.177673762876 0.022793491144
269963.000000000000 10.001000000000 1.008364343939 0.000204081633 -0.001428571429 3.000201000000 1.040584042873 0.978287989916 0.072175910966
270652.000000000000 10.001000000000 1.000609241898 0.006734693878 -0.001428571429 3.000201000000 1.124049277422 0.046484875556 1.142992343282
270687.000000000000 10.001000000000 1.000609241898 0.007142857143 -0.001428571429 3.000201000000 1.210260428726 0.100926123375 1.284926149370
270719.000000000000 10.001000000000 1.000201078633 0.007551020408 -0.001428571429 3.000201000000 1.142397885310 0.130310767880 1.228786212191
270933.000000000000 10.001000000000 0.999792915367 -0.007959183673 -0.001020408163 3.000201000000 1.194803230355 0.282070774732 0.974642406764
270962.000000000000 10.001000000000 0.998976588837 -0.007551020408 -0.001020408163 3.000201000000 1.295014028044 0.225375491224 1.383265799285
270994.000000000000 10.001000000000 0.998568425571 -0.007142857143 -0.001020408163 3.000201000000 1.300643599466 0.182890682228 1.406997465278
271028.000000000000 10.001000000000 0.998160262306 -0.006734693878 -0.001020408163 3.000201000000 1.097898695501 0.149297892229 1.207222385128
271065.000000000000 10.001000000000 0.998160262306 -0.006326530612 -0.001020408163 3.000201000000 1.378943351753 0.092355217535 1.395381989645
271107.000000000000 10.001000000000 0.999384752102 -0.005918367347 -0.001020408163 3.000201000000 1.234114441995 0.046227707522 1.261406430320
271108.000000000000 10.001000000000 0.999792915367 -0.005918367347 -0.001020408163 3.000201000000 1.102809422253 0.047264352414 1.071844412384
271722.000000000000 10.001000000000 0.991629650061 -0.000204081633 -0.001020408163 3.000201000000 1.119713900179 1.062357156714 0.071582597495
271762.000000000000 10.001000000000 1.007956180673 -0.000204081633 -0.001020408163 3.000201000000 1.057302860456 1.060558627135 0.034418128881
271771.000000000000 10.001000000000 0.992037813327 0.000204081633 -0.001020408163 3.000201000000 1.174268057752 1.177886594618 0.032894465794
272502.000000000000 10.001000000000 1.000609241898 0.006734693878 -0.001020408163 3.000201000000 1.295967812367 0.072419452879 1.317377696518
272570.000000000000 10.001000000000 1.000609241898 0.007551020408 -0.001020408163 3.000201000000 1.116237774934 0.189569681774 0.983692586812
272790.000000000000 10.001000000000 0.999384752102 -0.007959183673 -0.000612244898 3.000201000000 1.043308354417 0.391955024923 1.334894545054
272791.000000000000 10.001000000000 0.999792915367 -0.007959183673 -0.000612244898 3.000201000000 1.206934238774 0.381852408280 0.911531921645
272820.000000000000 10.001000000000 0.998976588837 -0.007551020408 -0.000612244898 3.000201000000 1.226329752580 0.299661462622 1.397502637626
272852.000000000000 10.001000000000 0.998568425571 -0.007142857143 -0.000612244898 3.000201000000 1.085990417527 0.226983789099 1.256432431794
272887.000000000000 10.001000000000 0.998568425571 -0.006734693878 -0.000612244898 3.000201000000 1.397977510893 0.135164540522 1.333985020444
272925.000000000000 10.001000000000 0.998976588837 -0.006326530612 -0.000612244898 3.000201000000 1.254237571053 0.041602588800 1.224522329004
272966.000000000000 10.001000000000 0.999792915367 -0.005918367347 -0.000612244898 3.000201000000 1.256005153710 0.037977012497 1.276984774957
273626.000000000000 10.001000000000 1.007956180673 -0.000204081633 -0.000612244898 3.000201000000 1.072321815733 1.073578708214 0.076561010896
273635.000000000000 10.001000000000 0.992037813327 0.000204081633 -0.000612244898 3.000201000000 1.133886257678 1.136943900249 0.073712620908
274254.000000000000 10.001000000000 0.999792915367 0.005510204082 -0.000612244898 3.000201000000 1.073859684801 0.062336298002 1.092694369294
274334.000000000000 10.001000000000 1.000201078633 0.006326530612 -0.000612244898 3.000201000000 1.037693280752 0.021697440918 1.021555196424
274372.000000000000 10.001000000000 1.000609241898 0.006734693878 -0.000612244898 3.000201000000 1.159083117354 0.160434594229 1.207102847021
274440.000000000000 10.001000000000 1.000609241898 0.007551020408 -0.000612244898 3.000201000000 1.389795308464 0.362876327512 1.147895112592
274667.000000000000 10.001000000000 0.999792915367 -0.007959183673 -0.000204081633 3.000201000000 1.300116344641 0.730516679653 0.742694142741
274696.000000000000 10.001000000000 0.998976588837 -0.007551020408 -0.000204081633 3.000201000000 1.026115658022 0.543954559736 1.404887598134
274729.000000000000 10.001000000000 0.998976588837 -0.007142857143 -0.000204081633 3.000201000000 1.172120170807 0.298204138962 0.921636299212
274764.000000000000 10.001000000000 0.998976588837 -0.006734693878 -0.000204081633 3.000201000000 1.342481310526 0.170130644177 1.271998827926
274802.000000000000 10.001000000000 0.999384752102 -0.006326530612 -0.000204081633 3.000201000000 1.152139780309 0.051653541042 1.133184702545
274883.000000000000 10.001000000000 1.000201078633 -0.005510204082 -0.000204081633 3.000201000000 1.290390445631 0.225165654410 1.331058271728
275502.000000000000 10.001000000000 1.007956180673 -0.000204081633 -0.000204081633 3.000201000000 1.088460822967 1.096825306157 0.253326669896
275511.000000000000 10.001000000000 0.992037813327 0.000204081633 -0.000204081633 3.000201000000 1.099571826033 1.113948967370 0.242007440101
276130.000000000000 10.001000000000 0.999792915367 0.005510204082 -0.000204081633 3.000201000000 1.154627526425 0.133656347545 1.167698592214
276284.000000000000 10.001000000000 1.001017405163 0.007142857143 -0.000204081633 3.000201000000 1.056950174635 1.192531943128 0.733405530315
276316.000000000000 10.001000000000 1.000609241898 0.007551020408 -0.000204081633 3.000201000000 1.156290323713 1.338661527027 0.627526815038
276573.000000000000 10.001000000000 0.999384752102 -0.007551020408 0.000204081633 3.000201000000 1.234893928826 1.332085273867 0.571465635093
276759.000000000000 10.001000000000 1.000201078633 -0.005510204082 0.000204081633 3.000201000000 1.225113859741 0.135922274550 1.235325162375
277378.000000000000 10.001000000000 1.007956180673 -0.000204081633 0.000204081633 3.000201000000 1.121298701050 1.134642280824 0.245960705514
277387.000000000000 10.001000000000 0.992037813327 0.000204081633 0.000204081633 3.000201000000 1.061519861576 1.071260184884 0.249249152612
278006.000000000000 10.001000000000 0.999792915367 0.005510204082 0.000204081633 3.000201000000 1.232087783167 0.236733408933 1.274012742155
278087.000000000000 10.001000000000 1.000609241898 0.006326530612 0.000204081633 3.000201000000 1.164599945174 0.050183422756 1.146161484210
278125.000000000000 10.001000000000 1.001017405163 0.006734693878 0.000204081633 3.000201000000 1.235656680064 0.168341197245 1.167300066383
278160.000000000000 10.001000000000 1.001017405163 0.007142857143 0.000204081633 3.000201000000 1.085177381633 0.295840773575 0.829843732085
278193.000000000000 10.001000000000 1.001017405163 0.007551020408 0.000204081633 3.000201000000 1.073120005371 0.537118602689 1.371609823262
278222.000000000000 10.001000000000 1.000201078633 0.007959183673 0.000204081633 3.000201000000 1.235523799881 0.717932064839 0.683081844881
278449.000000000000 10.001000000000 0.999384752102 -0.007551020408 0.000612244898 3.000201000000 1.302753672897 0.364055626151 1.050233858657
278517.000000000000 10.001000000000 0.999384752102 -0.006734693878 0.000612244898 3.000201000000 1.219563831068 0.167423671871 1.272382883631
278555.000000000000 10.001000000000 0.999792915367 -0.006326530612 0.000612244898 3.000201000000 1.008976254728 0.023486540082 0.992486303781
278635.000000000000 10.001000000000 1.000201078633 -0.005510204082 0.000612244898 3.000201000000 1.156174989972 0.061541339155 1.173221149580
279254.000000000000 10.001000000000 1.007956180673 -0.000204081633 0.000612244898 3.000201000000 1.161983097727 1.164343947959 0.074806716504
279255.000000000000 10.001000000000 1.008364343939 -0.000204081633 0.000612244898 3.000201000000 1.005968436221 1.048740316679 0.076785777248
279263.000000000000 10.001000000000 0.992037813327 0.000204081633 0.000612244898 3.000201000000 1.047177037581 1.049210365275 0.075439328021
279923.000000000000 10.001000000000 1.000201078633 0.005918367347 0.000612244898 3.000201000000 1.240074833299 0.037967022817 1.261515276818
279964.000000000000 10.001000000000 1.001017405163 0.006326530612 0.000612244898 3.000201000000 1.321317830065 0.040974115836 1.292810336634
280002.000000000000 10.001000000000 1.001425568429 0.006734693878 0.000612244898 3.000201000000 1.353555236235 0.134671707995 1.253433594303
280037.000000000000 10.001000000000 1.001425568429 0.007142857143 0.000612244898 3.000201000000 1.117434392732 0.225559194073 1.283874237812
280069.000000000000 10.001000000000 1.001017405163 0.007551020408 0.000612244898 3.000201000000 1.259926646394 0.296368621582 1.369317673778
280098.000000000000 10.001000000000 1.000201078633 0.007959183673 0.000612244898 3.000201000000 1.154832167380 0.375264336878 0.860416484768
280319.000000000000 10.001000000000 0.999384752102 -0.007551020408 0.001020408163 3.000201000000 1.030599578646 0.190056220930 0.894531756072
280352.000000000000 10.001000000000 0.999384752102 -0.007142857143 0.001020408163 3.000201000000 1.054398377277 0.150204215481 1.179024331496
280387.000000000000 10.001000000000 0.999384752102 -0.006734693878 0.001020408163 3.000201000000 1.371635250342 0.075840970960 1.395297538297
281118.000000000000 10.001000000000 1.007956180673 -0.000204081633 0.001020408163 3.000201000000 1.198469654118 1.201318107074 0.033378192191
281127.000000000000 10.001000000000 0.992037813327 0.000204081633 0.001020408163 3.000201000000 1.038646354127 1.042743308093 0.033943992981
281167.000000000000 10.001000000000 1.008364343939 0.000204081633 0.001020408163 3.000201000000 1.051142881816 0.996260877116 0.067567618056
281781.000000000000 10.001000000000 1.000201078633 0.005918367347 0.001020408163 3.000201000000 1.102411829775 0.046904366121 1.071474605301
281782.000000000000 10.001000000000 1.000609241898 0.005918367347 0.001020408163 3.000201000000 1.252178827571 0.045903372592 1.279160469020
281824.000000000000 10.001000000000 1.001833731694 0.006326530612 0.001020408163 3.000201000000 1.411121807140 0.092905841304 1.362839899783
281861.000000000000 10.001000000000 1.001833731694 0.006734693878 0.001020408163 3.000201000000 1.103547927511 0.149030899602 1.212113876764
281895.000000000000 10.001000000000 1.001425568429 0.007142857143 0.001020408163 3.000201000000 1.306036365804 0.181719950000 1.402901022265
281927.000000000000 10.001000000000 1.001017405163 0.007551020408 0.001020408163 3.000201000000 1.310569383739 0.222503008539 1.370509239471
281956.000000000000 10.001000000000 1.000201078633 0.007959183673 0.001020408163 3.000201000000 1.153167350961 0.276761699235 0.934351127544
282170.000000000000 10.001000000000 0.999792915367 -0.007551020408 0.001428571429 3.000201000000 1.236087810638 0.131030891876 1.318524986909
282202.000000000000 10.001000000000 0.999384752102 -0.007142857143 0.001428571429 3.000201000000 1.366736829836 0.102992973693 1.392405695961
282237.000000000000 10.001000000000 0.999384752102 -0.006734693878 0.001428571429 3.000201000000 1.234163397703 0.049195934789 1.255214381839
282926.000000000000 10.001000000000 0.991629650061 -0.000204081633 0.001428571429 3.000201000000 1.111086456820 1.045978702650 0.077334025718
282965.000000000000 10.001000000000 1.007548017408 -0.000204081633 0.001428571429 3.000201000000 1.191012956259 1.182128436647 0.022936135445
282966.000000000000 10.001000000000 1.007956180673 -0.000204081633 0.001428571429 3.000201000000 1.227779957376 1.233154046744 0.012147124929
282975.000000000000 10.001000000000 0.992037813327 0.000204081633 0.001428571429 3.000201000000 1.026763192310 1.034917860752 0.013966344830
283015.000000000000 10.001000000000 1.008364343939 0.000204081633 0.001428571429 3.000201000000 1.216827041228 1.156201946566 0.075306479150
283063.000000000000 10.001000000000 1.008364343939 0.000612244898 0.001428571429 3.000201000000 1.018855454337 0.937826335251 0.092902890649
283111.000000000000 10.001000000000 1.008364343939 0.001020408163 0.001428571429 3.000201000000 1.122869366732 1.036331143392 0.103068721352
283159.000000000000 10.001000000000 1.008364343939 0.001428571429 0.001428571429 3.000201000000 1.328904750995 1.387717351846 0.082267576710
283594.000000000000 10.001000000000 1.002241894959 0.005510204082 0.001428571429 3.000201000000 1.053238917527 0.077604729977 1.115289930870
283630.000000000000 10.001000000000 1.001017405163 0.005918367347 0.001428571429 3.000201000000 1.021597837619 0.084501732707 0.953362436212
283631.000000000000 10.001000000000 1.001425568429 0.005918367347 0.001428571429 3.000201000000 1.068001006969 0.084508118351 1.000735119711
283632.000000000000 10.001000000000 1.001833731694 0.005918367347 0.001428571429 3.000201000000 1.179593617267 0.083003153350 1.117931594176
283633.000000000000 10.001000000000 1.002241894959 0.005918367347 0.001428571429 3.000201000000 1.319992197236 0.084779203185 1.373991721436
283670.000000000000 10.001000000000 1.001833731694 0.006326530612 0.001428571429 3.000201000000 1.208110312688 0.104532741643 1.134136573356
283706.000000000000 10.001000000000 1.001425568429 0.006734693878 0.001428571429 3.000201000000 1.008962788447 0.126139489494 0.910710491481
284042.000000000000 10.001000000000 0.999384752102 -0.007142857143 0.001836734694 3.000201000000 1.204865079177 0.082699877753 1.150222627958
284762.000000000000 10.001000000000 0.991629650061 -0.000204081633 0.001836734694 3.000201000000 1.277742848273 1.205174777921 0.094561411567
284800.000000000000 10.001000000000 1.007139854143 -0.000204081633 0.001836734694 3.000201000000 1.023934499532 1.014653796253 0.018170044245
284801.000000000000 10.001000000000 1.007548017408 -0.000204081633 0.001836734694 3.000201000000 1.373006014440 1.364119448312 0.012901275604
284802.000000000000 10.001000000000 1.007956180673 -0.000204081633 0.001836734694 3.000201000000 1.231791462709 1.241650320706 0.014738916601
284811.000000000000 10.001000000000 0.992037813327 0.000204081633 0.001836734694 3.000201000000 1.012911279441 1.027401592859 0.018618177231
284851.000000000000 10.001000000000 1.008364343939 0.000204081633 0.001836734694 3.000201000000 1.399916912608 1.363250939808 0.092674850783
284899.000000000000 10.001000000000 1.008364343939 0.000612244898 0.001836734694 3.000201000000 1.406439921098 1.327468325165 0.109361194171
284947.000000000000 10.001000000000 1.008364343939 0.001020408163 0.001836734694 3.000201000000 1.007412260513 1.093377252658 0.102384954083
285251.000000000000 10.001000000000 0.999384752102 0.003877551020 0.001836734694 3.000201000000 1.067171352533 0.188668304899 0.903374476438
285387.000000000000 10.001000000000 1.002241894959 0.005102040816 0.001836734694 3.000201000000 1.008184888728 0.198029205261 1.173787814773
285388.000000000000 10.001000000000 1.002650058224 0.005102040816 0.001836734694 3.000201000000 1.000503356035 0.097860199661 1.084034427896
285424.000000000000 10.001000000000 1.000609241898 0.005510204082 0.001836734694 3.000201000000 1.346496746856 0.201940318947 1.335518360227
285425.000000000000 10.001000000000 1.001017405163 0.005510204082 0.001836734694 3.000201000000 1.290382549029 0.214958445987 1.380516099756
285426.000000000000 10.001000000000 1.001425568429 0.005510204082 0.001836734694 3.000201000000 1.303889118610 0.205074066909 1.374843007841
285427.000000000000 10.001000000000 1.001833731694 0.005510204082 0.001836734694 3.000201000000 1.302948252761 0.165652265980 1.404225828232
285428.000000000000 10.001000000000 1.002241894959 0.005510204082 0.001836734694 3.000201000000 1.187378422185 0.104450131515 1.269344192784
285464.000000000000 10.001000000000 1.001017405163 0.005918367347 0.001836734694 3.000201000000 1.086680862636 0.166203091672 0.944034293742
285465.000000000000 10.001000000000 1.001425568429 0.005918367347 0.001836734694 3.000201000000 1.200784887394 0.148851391208 1.079250356555
285466.000000000000 10.001000000000 1.001833731694 0.005918367347 0.001836734694 3.000201000000 1.404391586833 0.111953453461 1.324269797107
285502.000000000000 10.001000000000 1.001425568429 0.006326530612 0.001836734694 3.000201000000 1.146220776173 0.124462950619 1.045889356175
285630.000000000000 10.001000000000 0.999792915367 0.007959183673 0.001836734694 3.000201000000 1.024472688559 0.248083057307 0.809407702425
285651.000000000000 10.001000000000 0.997343935776 0.008367346939 0.001836734694 3.000201000000 1.160948926784 0.572350414576 0.648414669593
285652.000000000000 10.001000000000 0.997752099041 0.008367346939 0.001836734694 3.000201000000 1.035222227084 0.486588243380 0.590642521694
285653.000000000000 10.001000000000 0.998160262306 0.008367346939 0.001836734694 3.000201000000 1.046078442183 0.435719861470 0.652783759099
285654.000000000000 10.001000000000 0.998568425571 0.008367346939 0.001836734694 3.000201000000 1.171026018431 0.398512800614 0.827677466405
286607.000000000000 10.001000000000 1.006731690878 -0.000204081633 0.002244897959 3.000201000000 1.346091801875 1.356244188020 0.016277275555
286608.000000000000 10.001000000000 1.007139854143 -0.000204081633 0.002244897959 3.000201000000 1.268539851705 1.282773025077 0.018512863543
286609.000000000000 10.001000000000 1.007548017408 -0.000204081633 0.002244897959 3.000201000000 1.408636269661 1.412097396810 0.014377259685
286610.000000000000 10.001000000000 1.007956180673 -0.000204081633 0.002244897959 3.000201000000 1.198208339205 1.215429065444 0.032099948980
286620.000000000000 10.001000000000 0.992445976592 0.000204081633 0.002244897959 3.000201000000 1.096210836484 1.089058360094 0.013782831926
286659.000000000000 10.001000000000 1.008364343939 0.000204081633 0.002244897959 3.000201000000 1.148168309945 1.237710175691 0.115979824672
286754.000000000000 10.001000000000 1.007956180673 0.001020408163 0.002244897959 3.000201000000 1.094801223237 1.018233625168 0.092742673474
286848.000000000000 10.001000000000 1.007548017408 0.001836734694 0.002244897959 3.000201000000 1.009977947658 0.963722149079 0.057009448053
287065.000000000000 10.001000000000 1.003466384755 0.003877551020 0.002244897959 3.000201000000 1.049376566250 0.239755674137 0.853662366189
287098.000000000000 10.001000000000 0.999384752102 0.004285714286 0.002244897959 3.000201000000 1.323340083850 0.259623378571 1.315668274430
287140.000000000000 10.001000000000 0.999384752102 0.004693877551 0.002244897959 3.000201000000 1.265310759048 0.287221773115 1.029941995815
287141.000000000000 10.001000000000 0.999792915367 0.004693877551 0.002244897959 3.000201000000 1.111879361698 0.373884284942 1.402465631915
287181.000000000000 10.001000000000 0.999384752102 0.005102040816 0.002244897959 3.000201000000 1.099447885910 0.255615446127 0.876912166194
287182.000000000000 10.001000000000 0.999792915367 0.005102040816 0.002244897959 3.000201000000 1.349181154504 0.320827389117 1.240984603379
287183.000000000000 10.001000000000 1.000201078633 0.005102040816 0.002244897959 3.000201000000 1.046410719823 0.399163572442 1.365012565099
287222.000000000000 10.001000000000 0.999792915367 0.005510204082 0.002244897959 3.000201000000 1.245726342742 0.277684383606 1.016423969972
287223.000000000000 10.001000000000 1.000201078633 0.005510204082 0.002244897959 3.000201000000 1.362722290307 0.328063876891 1.220629492219
287224.000000000000 10.001000000000 1.000609241898 0.005510204082 0.002244897959 3.000201000000 1.210776311119 0.361935466308 1.346734208160
287225.000000000000 10.001000000000 1.001017405163 0.005510204082 0.002244897959 3.000201000000 1.086911230650 0.355111736027 1.367331689989
287261.000000000000 10.001000000000 0.999792915367 0.005918367347 0.002244897959 3.000201000000 1.010379500636 0.246780526948 0.789917192919
287262.000000000000 10.001000000000 1.000201078633 0.005918367347 0.002244897959 3.000201000000 1.204935626740 0.281692308145 0.968108485538
287263.000000000000 10.001000000000 1.000609241898 0.005918367347 0.002244897959 3.000201000000 1.370671876592 0.289821701635 1.145150328992
287264.000000000000 10.001000000000 1.001017405163 0.005918367347 0.002244897959 3.000201000000 1.258255485494 0.249998883421 1.385139344888
287299.000000000000 10.001000000000 1.000201078633 0.006326530612 0.002244897959 3.000201000000 1.005357172227 0.250359615748 0.781342741926
287300.000000000000 10.001000000000 1.000609241898 0.006326530612 0.002244897959 3.000201000000 1.205020533427 0.240560775305 1.004507409460
287301.000000000000 10.001000000000 1.001017405163 0.006326530612 0.002244897959 3.000201000000 1.318727624335 0.181418687681 1.378062572081
287335.000000000000 10.001000000000 1.000609241898 0.006734693878 0.002244897959 3.000201000000 1.164735076738 0.206855439815 0.991318891259
287445.000000000000 10.001000000000 0.996935772510 0.008367346939 0.002244897959 3.000201000000 1.286946947979 0.773957823157 0.913708638692
287446.000000000000 10.001000000000 0.997343935776 0.008367346939 0.002244897959 3.000201000000 1.229022140770 0.617869241860 0.681849902483
287447.000000000000 10.001000000000 0.997752099041 0.008367346939 0.002244897959 3.000201000000 1.146856855455 0.542942401781 0.659642018882
287448.000000000000 10.001000000000 0.998160262306 0.008367346939 0.002244897959 3.000201000000 1.195410509846 0.496636821823 0.760629389756
287449.000000000000 10.001000000000 0.998568425571 0.008367346939 0.002244897959 3.000201000000 1.377453414453 0.458058718410 1.009549138265
287674.000000000000 10.001000000000 0.999384752102 -0.006734693878 0.002653061224 3.000201000000 1.015022154976 0.036638660997 1.041295739145
288376.000000000000 10.001000000000 1.005507201082 -0.000204081633 0.002653061224 3.000201000000 1.120509230107 1.124883781611 0.013362252756
288380.000000000000 10.001000000000 1.007139854143 -0.000204081633 0.002653061224 3.000201000000 1.216649865773 1.232176262474 0.022356314629
288381.000000000000 10.001000000000 1.007548017408 -0.000204081633 0.002653061224 3.000201000000 1.377031251382 1.373017313119 0.022756743900
288382.000000000000 10.001000000000 1.007956180673 -0.000204081633 0.002653061224 3.000201000000 1.122293606430 1.151815051057 0.052996644548
288392.000000000000 10.001000000000 0.992445976592 0.000204081633 0.002653061224 3.000201000000 1.122752025808 1.120797375875 0.024579401726
288393.000000000000 10.001000000000 0.992854139857 0.000204081633 0.002653061224 3.000201000000 1.230892678371 1.215975922216 0.022134350709
288394.000000000000 10.001000000000 0.993262303122 0.000204081633 0.002653061224 3.000201000000 1.272475694239 1.256185876412 0.021535011649
288395.000000000000 10.001000000000 0.993670466388 0.000204081633 0.002653061224 3.000201000000 1.195252465548 1.181179701264 0.019052743868
288430.000000000000 10.001000000000 1.007956180673 0.000204081633 0.002653061224 3.000201000000 1.110893002791 1.062275373848 0.069822548185
288478.000000000000 10.001000000000 1.007956180673 0.000612244898 0.002653061224 3.000201000000 1.237132097381 1.162585370961 0.099324271793
288570.000000000000 10.001000000000 1.007548017408 0.001428571429 0.002653061224 3.000201000000 1.203408629370 1.255636219307 0.069548005388
288699.000000000000 10.001000000000 1.003874548020 0.002653061224 0.002653061224 3.000201000000 1.152400052025 1.385284996831 0.301060418856
288862.000000000000 10.001000000000 0.998568425571 0.004285714286 0.002653061224 3.000201000000 1.068099720257 0.139034859842 0.948383790579
288904.000000000000 10.001000000000 0.998568425571 0.004693877551 0.002653061224 3.000201000000 1.002149771526 0.284420869371 0.745865753850
288905.000000000000 10.001000000000 0.998976588837 0.004693877551 0.002653061224 3.000201000000 1.332737429305 0.296995529630 1.277198155808
288946.000000000000 10.001000000000 0.998976588837 0.005102040816 0.002653061224 3.000201000000 1.290535648084 0.354813186528 0.999133850945
288947.000000000000 10.001000000000 0.999384752102 0.005102040816 0.002653061224 3.000201000000 1.147488862577 0.412239725971 1.366837679440
288985.000000000000 10.001000000000 0.998976588837 0.005510204082 0.002653061224 3.000201000000 1.160629958485 0.325744703336 0.879849001766
288986.000000000000 10.001000000000 0.999384752102 0.005510204082 0.002653061224 3.000201000000 1.356558881766 0.401111332659 1.167867503808
288987.000000000000 10.001000000000 0.999792915367 0.005510204082 0.002653061224 3.000201000000 1.078005670408 0.462267444877 1.390283237103
289024.000000000000 10.001000000000 0.999384752102 0.005918367347 0.002653061224 3.000201000000 1.311023805280 0.371071429816 1.008049009010
289025.000000000000 10.001000000000 0.999792915367 0.005918367347 0.002653061224 3.000201000000 1.303833060159 0.430355863018 1.200669413133
289026.000000000000 10.001000000000 1.000201078633 0.005918367347 0.002653061224 3.000201000000 1.056720177034 0.437237004732 1.402061878171
289061.000000000000 10.001000000000 0.999384752102 0.006326530612 0.002653061224 3.000201000000 1.158198451785 0.352274066491 0.852915358519
289062.000000000000 10.001000000000 0.999792915367 0.006326530612 0.002653061224 3.000201000000 1.355812488240 0.402425679778 1.032258402747
289063.000000000000 10.001000000000 1.000201078633 0.006326530612 0.002653061224 3.000201000000 1.233333653961 0.392716841305 1.301695794809
289096.000000000000 10.001000000000 0.999384752102 0.006734693878 0.002653061224 3.000201000000 1.042687756935 0.350046409604 0.727978909758
289097.000000000000 10.001000000000 0.999792915367 0.006734693878 0.002653061224 3.000201000000 1.242095580703 0.385443400644 0.916725353751
289098.000000000000 10.001000000000 1.000201078633 0.006734693878 0.002653061224 3.000201000000 1.308901160859 0.352840411386 1.257573907505
289129.000000000000 10.001000000000 0.999384752102 0.007142857143 0.002653061224 3.000201000000 1.000301317052 0.366092632850 0.666567534901
289130.000000000000 10.001000000000 0.999792915367 0.007142857143 0.002653061224 3.000201000000 1.222046803307 0.378814190199 0.900161191747
289131.000000000000 10.001000000000 1.000201078633 0.007142857143 0.002653061224 3.000201000000 1.209380490078 0.311228499092 1.385357503675
289160.000000000000 10.001000000000 0.999384752102 0.007551020408 0.002653061224 3.000201000000 1.074721158556 0.400536578139 0.715403928364
289161.000000000000 10.001000000000 0.999792915367 0.007551020408 0.002653061224 3.000201000000 1.388502927499 0.374494025572 1.094585556543
289187.000000000000 10.001000000000 0.998976588837 0.007959183673 0.002653061224 3.000201000000 1.112809640797 0.464208675821 0.696928116595
289188.000000000000 10.001000000000 0.999384752102 0.007959183673 0.002653061224 3.000201000000 1.403047683424 0.442015851842 1.080141021228
289207.000000000000 10.001000000000 0.996935772510 0.008367346939 0.002653061224 3.000201000000 1.322358965662 0.895442735398 0.749730434796
289208.000000000000 10.001000000000 0.997343935776 0.008367346939 0.002653061224 3.000201000000 1.341848610485 0.770392803964 0.667057668465
289209.000000000000 10.001000000000 0.997752099041 0.008367346939 0.002653061224 3.000201000000 1.314820829826 0.702187709948 0.701998774840
289210.000000000000 10.001000000000 0.998160262306 0.008367346939 0.002653061224 3.000201000000 1.390364263589 0.660905271569 0.837196033012
289211.000000000000 10.001000000000 0.998568425571 0.008367346939 0.002653061224 3.000201000000 1.222671341620 0.628647531830 1.118238333249
289447.000000000000 10.001000000000 0.998976588837 -0.006326530612 0.003061224490 3.000201000000 1.399261323128 0.008598818690 1.404021736067
290070.000000000000 10.001000000000 0.992037813327 -0.000204081633 0.003061224490 3.000201000000 1.152290657687 1.083949125501 0.097045381239
290102.000000000000 10.001000000000 1.005099037816 -0.000204081633 0.003061224490 3.000201000000 1.074494553119 1.062382488394 0.023853105533
290106.000000000000 10.001000000000 1.006731690878 -0.000204081633 0.003061224490 3.000201000000 1.092546611608 1.109508842745 0.027094275468
290107.000000000000 10.001000000000 1.007139854143 -0.000204081633 0.003061224490 3.000201000000 1.383599602311 1.393425913905 0.025406789180
290108.000000000000 10.001000000000 1.007548017408 -0.000204081633 0.003061224490 3.000201000000 1.221703409521 1.227739716249 0.034789934984
290117.000000000000 10.001000000000 0.992445976592 0.000204081633 0.003061224490 3.000201000000 1.059227138878 1.069045600893 0.038836622252
290118.000000000000 10.001000000000 0.992854139857 0.000204081633 0.003061224490 3.000201000000 1.257190888275 1.246858866969 0.026772950019
290119.000000000000 10.001000000000 0.993262303122 0.000204081633 0.003061224490 3.000201000000 1.327524760669 1.342733903958 0.026812894201
290122.000000000000 10.001000000000 0.994486792918 0.000204081633 0.003061224490 3.000201000000 1.028907561067 1.027035892179 0.023016053516
290123.000000000000 10.001000000000 0.994894956184 0.000204081633 0.003061224490 3.000201000000 1.147316457665 1.143800219055 0.019392358655
290155.000000000000 10.001000000000 1.007956180673 0.000204081633 0.003061224490 3.000201000000 1.400140820254 1.335249190876 0.102073190882
290201.000000000000 10.001000000000 1.007956180673 0.000612244898 0.003061224490 3.000201000000 1.026560165794 1.132337533312 0.131064359787
290246.000000000000 10.001000000000 1.007548017408 0.001020408163 0.003061224490 3.000201000000 1.191575688472 1.263211024937 0.095230580231
290579.000000000000 10.001000000000 0.998160262306 0.004285714286 0.003061224490 3.000201000000 1.377522776257 0.127763249932 1.360119540035
290620.000000000000 10.001000000000 0.998160262306 0.004693877551 0.003061224490 3.000201000000 1.229120855567 0.347035201717 0.936931973462
290661.000000000000 10.001000000000 0.998568425571 0.005102040816 0.003061224490 3.000201000000 1.271383888866 0.429336652605 1.235385252868
290701.000000000000 10.001000000000 0.998976588837 0.005510204082 0.003061224490 3.000201000000 1.021143329652 0.497294064426 1.412324992046
290774.000000000000 10.001000000000 0.999384752102 0.006326530612 0.003061224490 3.000201000000 1.096153457298 0.559518433152 1.299806354582
290807.000000000000 10.001000000000 0.999384752102 0.006734693878 0.003061224490 3.000201000000 1.238701419969 0.558304418377 1.162263893385
290808.000000000000 10.001000000000 0.999792915367 0.006734693878 0.003061224490 3.000201000000 1.012323977378 0.592714498900 1.347690377470
290837.000000000000 10.001000000000 0.998976588837 0.007142857143 0.003061224490 3.000201000000 1.356410474224 0.495058797277 0.950486542684
290838.000000000000 10.001000000000 0.999384752102 0.007142857143 0.003061224490 3.000201000000 1.319558475471 0.580320571049 1.055518296388
290839.000000000000 10.001000000000 0.999792915367 0.007142857143 0.003061224490 3.000201000000 1.035923664900 0.581987906654 1.335491061523
290866.000000000000 10.001000000000 0.998976588837 0.007551020408 0.003061224490 3.000201000000 1.344144414520 0.576802643072 0.860025090173
290867.000000000000 10.001000000000 0.999384752102 0.007551020408 0.003061224490 3.000201000000 1.285770817467 0.623591089983 1.054739093531
290891.000000000000 10.001000000000 0.998160262306 0.007959183673 0.003061224490 3.000201000000 1.185517211338 0.620694902945 0.627537012830
290892.000000000000 10.001000000000 0.998568425571 0.007959183673 0.003061224490 3.000201000000 1.317541026983 0.659409896509 0.747966410195
290893.000000000000 10.001000000000 0.998976588837 0.007959183673 0.003061224490 3.000201000000 1.334752559906 0.694412303841 0.933434067731
290913.000000000000 10.001000000000 0.997343935776 0.008367346939 0.003061224490 3.000201000000 1.328598389238 0.985221452327 0.647384293340
290914.000000000000 10.001000000000 0.997752099041 0.008367346939 0.003061224490 3.000201000000 1.324973358200 0.926448034781 0.714523406077
290915.000000000000 10.001000000000 0.998160262306 0.008367346939 0.003061224490 3.000201000000 1.244470829297 0.901917531496 0.836517112314
290916.000000000000 10.001000000000 0.998568425571 0.008367346939 0.003061224490 3.000201000000 1.049380969085 0.901462228768 1.047005717703
291782.000000000000 10.001000000000 1.005099037816 -0.000204081633 0.003469387755 3.000201000000 1.405541487919 1.373556586692 0.050535310477
291785.000000000000 10.001000000000 1.006323527612 -0.000204081633 0.003469387755 3.000201000000 1.153435536487 1.163188027623 0.033147259440
291786.000000000000 10.001000000000 1.006731690878 -0.000204081633 0.003469387755 3.000201000000 1.361933791569 1.356430296000 0.028677491387
291787.000000000000 10.001000000000 1.007139854143 -0.000204081633 0.003469387755 3.000201000000 1.114688240088 1.119370996529 0.031729500834
291798.000000000000 10.001000000000 0.992854139857 0.000204081633 0.003469387755 3.000201000000 1.076043706407 1.080966928912 0.034256362713
291799.000000000000 10.001000000000 0.993262303122 0.000204081633 0.003469387755 3.000201000000 1.321779688620 1.315694742233 0.029405889360
291800.000000000000 10.001000000000 0.993670466388 0.000204081633 0.003469387755 3.000201000000 1.186220884234 1.195555691470 0.032120114701
291803.000000000000 10.001000000000 0.994894956184 0.000204081633 0.003469387755 3.000201000000 1.335129034694 1.354030814787 0.035584928222
291834.000000000000 10.001000000000 1.007548017408 0.000204081633 0.003469387755 3.000201000000 1.074881401635 1.024721706567 0.077002144073
291880.000000000000 10.001000000000 1.007548017408 0.000612244898 0.003469387755 3.000201000000 1.348318677329 1.262564154335 0.121025315480
291925.000000000000 10.001000000000 1.007139854143 0.001020408163 0.003469387755 3.000201000000 1.154922171790 1.221783033281 0.087526513400
292252.000000000000 10.001000000000 0.997343935776 0.004285714286 0.003469387755 3.000201000000 1.035348423925 0.360318155637 0.710321427309
292253.000000000000 10.001000000000 0.997752099041 0.004285714286 0.003469387755 3.000201000000 1.121820809296 0.210884468749 1.289079121298
292293.000000000000 10.001000000000 0.997752099041 0.004693877551 0.003469387755 3.000201000000 1.387421985674 0.401356355528 1.133317980378
293380.000000000000 10.001000000000 0.992854139857 -0.000204081633 0.003877551020 3.000201000000 1.033123613927 0.984849055247 0.070105886079
293386.000000000000 10.001000000000 0.995303119449 -0.000204081633 0.003877551020 3.000201000000 1.122391727179 1.172440052004 0.061288254131
293410.000000000000 10.001000000000 1.005099037816 -0.000204081633 0.003877551020 3.000201000000 1.258912210838 1.192537894349 0.086061373900
293411.000000000000 10.001000000000 1.005507201082 -0.000204081633 0.003877551020 3.000201000000 1.310978835147 1.331124941462 0.042562821038
293412.000000000000 10.001000000000 1.005915364347 -0.000204081633 0.003877551020 3.000201000000 1.387200855816 1.390166135090 0.039786205820
293413.000000000000 10.001000000000 1.006323527612 -0.000204081633 0.003877551020 3.000201000000 1.057180805080 1.068849340677 0.040371604240
293428.000000000000 10.001000000000 0.993670466388 0.000204081633 0.003877551020 3.000201000000 1.191580020296 1.203778580105 0.041297267381
293429.000000000000 10.001000000000 0.994078629653 0.000204081633 0.003877551020 3.000201000000 1.342518821098 1.336118675333 0.039937418515
293430.000000000000 10.001000000000 0.994486792918 0.000204081633 0.003877551020 3.000201000000 1.234782904666 1.242826804726 0.035215252822
293431.000000000000 10.001000000000 0.994894956184 0.000204081633 0.003877551020 3.000201000000 1.372603767748 1.333351030254 0.057965473832
293455.000000000000 10.001000000000 1.004690874551 0.000204081633 0.003877551020 3.000201000000 1.410063920277 1.373437166183 0.051716598847
293461.000000000000 10.001000000000 1.007139854143 0.000204081633 0.003877551020 3.000201000000 1.110528408502 1.055724944849 0.078825993567
293462.000000000000 10.001000000000 1.007548017408 0.000204081633 0.003877551020 3.000201000000 1.342491225615 1.401553225993 0.125223785867
293502.000000000000 10.001000000000 1.005099037816 0.000612244898 0.003877551020 3.000201000000 1.025491236731 1.038604387892 0.019189935737
293507.000000000000 10.001000000000 1.007139854143 0.000612244898 0.003877551020 3.000201000000 1.226544920296 1.128583179355 0.126748779895
293829.000000000000 10.001000000000 0.996935772510 0.003877551020 0.003877551020 3.000201000000 1.175213469117 0.334678616605 0.888605590910
293870.000000000000 10.001000000000 0.997343935776 0.004285714286 0.003877551020 3.000201000000 1.060876696434 0.347616907964 1.338154361527
294757.000000000000 10.001000000000 1.005507201082 -0.002244897959 0.004285714286 3.000201000000 1.120544995769 0.067223939073 1.064305118700
294907.000000000000 10.001000000000 0.995303119449 -0.000612244898 0.004285714286 3.000201000000 1.072253170073 1.120397246927 0.059466651516
294946.000000000000 10.001000000000 0.993262303122 -0.000204081633 0.004285714286 3.000201000000 1.121697471948 1.185707798479 0.090329430729
294947.000000000000 10.001000000000 0.993670466388 -0.000204081633 0.004285714286 3.000201000000 1.392571615676 1.388725059972 0.078473441066
294948.000000000000 10.001000000000 0.994078629653 -0.000204081633 0.004285714286 3.000201000000 1.262837671160 1.219295595271 0.066393869193
294949.000000000000 10.001000000000 0.994486792918 -0.000204081633 0.004285714286 3.000201000000 1.223086636407 1.207766596984 0.031587707180
294950.000000000000 10.001000000000 0.994894956184 -0.000204081633 0.004285714286 3.000201000000 1.391539159197 1.395225628798 0.059206174142
294993.000000000000 10.001000000000 0.994486792918 0.000204081633 0.004285714286 3.000201000000 1.086942669579 1.103277021643 0.034152581085
294994.000000000000 10.001000000000 0.994894956184 0.000204081633 0.004285714286 3.000201000000 1.063988049416 1.012022324255 0.061895840108
295019.000000000000 10.001000000000 1.005099037816 0.000204081633 0.004285714286 3.000201000000 1.341628322072 1.314798702579 0.036763224851
295020.000000000000 10.001000000000 1.005507201082 0.000204081633 0.004285714286 3.000201000000 1.224813076409 1.204407887559 0.033252909853
295021.000000000000 10.001000000000 1.005915364347 0.000204081633 0.004285714286 3.000201000000 1.212520287230 1.159836031413 0.072805680342
295022.000000000000 10.001000000000 1.006323527612 0.000204081633 0.004285714286 3.000201000000 1.334375774833 1.270729140073 0.092171991019
295023.000000000000 10.001000000000 1.006731690878 0.000204081633 0.004285714286 3.000201000000 1.292096708236 1.368205013194 0.109103895136
295024.000000000000 10.001000000000 1.007139854143 0.000204081633 0.004285714286 3.000201000000 1.046957094217 1.157906523985 0.136521627884
295065.000000000000 10.001000000000 1.005915364347 0.000612244898 0.004285714286 3.000201000000 1.359877722283 1.307908436685 0.070811844067
295066.000000000000 10.001000000000 1.006323527612 0.000612244898 0.004285714286 3.000201000000 1.310181134663 1.221608114485 0.115632988385
295067.000000000000 10.001000000000 1.006731690878 0.000612244898 0.004285714286 3.000201000000 1.364068380435 1.353149140343 0.155056127810
295301.000000000000 10.001000000000 0.996527609245 0.003061224490 0.004285714286 3.000201000000 1.260915867661 0.136748448777 1.154770761883
295342.000000000000 10.001000000000 0.996527609245 0.003469387755 0.004285714286 3.000201000000 1.132711821208 0.271170953544 0.900760247362
295942.000000000000 10.001000000000 0.999384752102 -0.005510204082 0.004693877551 3.000201000000 1.324747373847 0.044780423338 1.357702216536
296009.000000000000 10.001000000000 0.997752099041 -0.004693877551 0.004693877551 3.000201000000 1.378778645421 0.051519488159 1.341947820993
296366.000000000000 10.001000000000 0.995303119449 -0.001020408163 0.004693877551 3.000201000000 1.313843915933 1.354491267517 0.059875625293
296390.000000000000 10.001000000000 1.005099037816 -0.001020408163 0.004693877551 3.000201000000 1.240898580152 0.153421488503 1.119350010698
296408.000000000000 10.001000000000 0.994894956184 -0.000612244898 0.004693877551 3.000201000000 1.292592056978 1.288776726163 0.012464034852
297422.000000000000 10.001000000000 0.999384752102 -0.005102040816 0.005102040816 3.000201000000 1.158192072119 0.248140400752 1.351450057935
298139.000000000000 10.001000000000 0.996119445980 0.002244897959 0.005102040816 3.000201000000 1.225789270164 0.216050653367 1.385737643186
299079.000000000000 10.001000000000 0.996119445980 -0.001836734694 0.005510204082 3.000201000000 1.344345650629 1.125448000907 0.287442004466
299158.000000000000 10.001000000000 0.995711282714 -0.001020408163 0.005510204082 3.000201000000 1.383457785410 1.307663017500 0.198601379324
299278.000000000000 10.001000000000 0.995711282714 0.000204081633 0.005510204082 3.000201000000 1.016151269841 0.664547892064 0.392925355175
